mass_A
t	x	y
0.000000000E0	9.620000000E2	3.100000000E2
6.673333333E-2	9.619510611E2	3.100186463E2
8.341666667E-2	9.619419023E2	3.100216104E2
1.001000000E-1	9.619268533E2	3.100188085E2
1.167833333E-1	9.619475134E2	3.100209692E2
1.334666667E-1	9.619900776E2	3.100118110E2
1.501500000E-1	9.619446440E2	3.100041104E2
1.668333333E-1	9.620215092E2	3.100069436E2
1.835166667E-1	9.619907482E2	3.100097964E2
2.002000000E-1	9.619604999E2	3.100148915E2
2.168833333E-1	9.619992732E2	3.100217046E2
2.335666667E-1	9.619973817E2	3.100080348E2
2.502500000E-1	9.620287005E2	3.100235002E2
2.669333333E-1	9.620159553E2	3.100155509E2
2.836166667E-1	9.621220496E2	3.100082698E2
3.003000000E-1	9.620454507E2	3.100169741E2
3.169833333E-1	9.619742725E2	3.100313295E2
3.336666667E-1	9.620271272E2	3.100268250E2
3.503500000E-1	9.619842844E2	3.100326937E2
3.670333333E-1	9.620122133E2	3.100161575E2
3.837166667E-1	9.620128779E2	3.100412911E2
4.004000000E-1	9.619131323E2	3.100181485E2
4.170833333E-1	9.620195570E2	3.100128833E2
4.337666667E-1	9.619258372E2	3.100324683E2
4.504500000E-1	9.619508229E2	3.100301206E2
4.671333333E-1	9.618552561E2	3.100430387E2
4.838166667E-1	9.619796434E2	3.100215867E2
5.005000000E-1	9.619226349E2	3.100385244E2
5.171833333E-1	9.618533504E2	3.100233051E2
5.338666667E-1	9.617359118E2	3.100358794E2
5.505500000E-1	9.617853059E2	3.100192175E2
5.672333333E-1	9.618173738E2	3.100232412E2
5.839166667E-1	9.619211948E2	3.100080257E2
6.006000000E-1	9.619539546E2	3.100107259E2
6.172833333E-1	9.619705796E2	3.100137651E2
6.339666667E-1	9.619921110E2	3.100300282E2
6.506500000E-1	9.618425043E2	3.100272980E2
6.673333333E-1	9.619665045E2	3.100315087E2
6.840166667E-1	9.618510401E2	3.100400964E2
7.007000000E-1	9.620140068E2	3.100249027E2
7.173833333E-1	9.619733939E2	3.100342103E2
7.340666667E-1	9.619336768E2	3.100261833E2
7.507500000E-1	9.618938028E2	3.100385880E2
7.674333333E-1	9.619000289E2	3.100164721E2
7.841166667E-1	9.618254564E2	3.100418881E2
8.008000000E-1	9.618517974E2	3.100309431E2
8.174833333E-1	9.618528837E2	3.100414142E2
8.341666667E-1	9.619484721E2	3.100252894E2
8.508500000E-1	9.618820309E2	3.100303039E2
8.675333333E-1	9.619141322E2	3.100215207E2
8.842166667E-1	9.619552740E2	3.100310188E2
9.009000000E-1	9.618560817E2	3.100193353E2
9.175833333E-1	9.619180130E2	3.100311022E2
9.342666667E-1	9.619369850E2	3.100175395E2
9.509500000E-1	9.618727903E2	3.100177064E2
9.676333333E-1	9.618877262E2	3.100126881E2
9.843166667E-1	9.618940445E2	3.100105860E2
1.001000000E0	9.618222402E2	3.100053913E2
1.017683333E0	9.620301260E2	3.100335808E2
1.034366667E0	9.618771311E2	3.100787635E2
1.051050000E0	9.620834633E2	3.100245228E2
1.067733333E0	9.620491436E2	3.100152623E2
1.084416667E0	9.619238612E2	3.100141446E2
1.101100000E0	9.620139862E2	3.100186831E2
1.117783333E0	9.619046997E2	3.100061193E2
1.134466667E0	9.620267732E2	3.099755863E2
1.151150000E0	9.618610384E2	3.099983854E2
1.167833333E0	9.617455722E2	3.100199440E2
1.184516667E0	9.619730608E2	3.099957341E2
1.201200000E0	9.619471940E2	3.100009363E2
1.217883333E0	9.619124765E2	3.100149213E2
1.234566667E0	9.618958507E2	3.100187012E2
1.251250000E0	9.617875108E2	3.100248765E2
1.267933333E0	9.618527307E2	3.100121352E2
1.284616667E0	9.618716141E2	3.100192221E2
1.301300000E0	9.619709563E2	3.100042460E2
1.317983333E0	9.619031944E2	3.099998514E2
1.334666667E0	9.619221129E2	3.100141882E2
1.351350000E0	9.619043089E2	3.100129390E2
1.368033333E0	9.619078021E2	3.100217895E2
1.384716667E0	9.618571150E2	3.100196161E2
1.401400000E0	9.618968106E2	3.100155823E2
1.418083333E0	9.618670718E2	3.100482743E2
1.434766667E0	9.618487922E2	3.100387474E2
1.451450000E0	9.618319838E2	3.100408592E2
1.468133333E0	9.618417870E2	3.100392702E2
1.484816667E0	9.618348587E2	3.100335585E2
1.501500000E0	9.619251060E2	3.100208900E2
1.518183333E0	9.616206864E2	3.100628964E2
1.534866667E0	9.617857407E2	3.100467702E2
1.551550000E0	9.618006305E2	3.100459372E2
1.568233333E0	9.619412399E2	3.100406514E2
1.584916667E0	9.619247842E2	3.100243274E2
1.601600000E0	9.618678566E2	3.100423347E2
1.618283333E0	9.619826749E2	3.100255608E2
1.634966667E0	9.619992358E2	3.100307612E2
1.651650000E0	9.619841113E2	3.100438678E2
1.668333333E0	9.619420602E2	3.100280021E2
1.685016667E0	9.619195382E2	3.100219793E2
1.701700000E0	9.619963710E2	3.100247221E2
1.718383333E0	9.619554669E2	3.100215172E2
1.735066667E0	9.619830904E2	3.100123763E2
1.751750000E0	9.619671013E2	3.100237758E2
1.768433333E0	9.620727208E2	3.099994076E2
1.785116667E0	9.619622960E2	3.100133339E2
1.801800000E0	9.620175572E2	3.100085257E2
1.818483333E0	9.619951756E2	3.100161500E2
1.835166667E0	9.619729404E2	3.100176317E2
1.851850000E0	9.619022897E2	3.100147501E2
1.868533333E0	9.619634743E2	3.100218004E2
1.885216667E0	9.619485523E2	3.100204627E2
1.901900000E0	9.619126487E2	3.100253247E2
1.918583333E0	9.620680133E2	3.099932841E2
1.935266667E0	9.620263772E2	3.100134218E2
1.951950000E0	9.620279483E2	3.100134580E2
1.968633333E0	9.619298273E2	3.100258508E2
1.985316667E0	9.620544644E2	3.100058111E2
2.002000000E0	9.620599525E2	3.100178989E2
2.018683333E0	9.620649102E2	3.100190201E2
2.035366667E0	9.619519160E2	3.100011959E2
2.052050000E0	9.621047141E2	3.100053407E2
2.068733333E0	9.619212971E2	3.100304315E2
2.085416667E0	9.619580081E2	3.100128616E2
2.102100000E0	9.619031738E2	3.100339966E2
2.118783333E0	9.619241858E2	3.100071201E2
2.135466667E0	9.619399554E2	3.099966718E2
2.152150000E0	9.619102377E2	3.099867965E2
2.168833333E0	9.615752828E2	3.100315589E2
2.185516667E0	9.617778256E2	3.100338016E2
2.202200000E0	9.613626222E2	3.100419971E2
2.218883333E0	9.614843333E2	3.100182977E2
2.235566667E0	9.612602503E2	3.100083897E2
2.252250000E0	9.613194433E2	3.099912559E2
2.268933333E0	9.613511408E2	3.100040704E2
2.285616667E0	9.611034336E2	3.099961292E2
2.302300000E0	9.612953711E2	3.100065444E2
2.318983333E0	9.615168409E2	3.100090549E2
2.335666667E0	9.619127472E2	3.100020285E2
2.352350000E0	9.620419619E2	3.099886631E2
2.369033333E0	9.619267386E2	3.099957122E2
2.385716667E0	9.620269264E2	3.100010009E2
2.402400000E0	9.619859867E2	3.100078917E2
2.419083333E0	9.623412685E2	3.099802807E2
2.435766667E0	9.620850930E2	3.100013048E2
2.452450000E0	9.623798001E2	3.099693251E2
2.469133333E0	9.621456609E2	3.099884725E2
2.485816667E0	9.620670795E2	3.100010142E2
2.502500000E0	9.619551860E2	3.099977751E2
2.519183333E0	9.619948446E2	3.099684708E2
2.535866667E0	9.618032707E2	3.099916319E2
2.552550000E0	9.619544677E2	3.099860260E2
2.569233333E0	9.621260123E2	3.099563563E2
2.585916667E0	9.621834134E2	3.099503997E2
2.602600000E0	9.622342051E2	3.099220986E2
2.619283333E0	9.620728149E2	3.099578719E2
2.635966667E0	9.620649218E2	3.099922115E2
2.652650000E0	9.620183349E2	3.100080860E2
2.669333333E0	9.621930353E2	3.099964956E2
2.686016667E0	9.621685722E2	3.099959045E2
2.702700000E0	9.623170710E2	3.099769900E2
2.719383333E0	9.626725622E2	3.099663662E2
2.736066667E0	9.629621205E2	3.099796567E2
2.752750000E0	9.631241160E2	3.100037945E2
2.769433333E0	9.634862718E2	3.099438504E2
2.786116667E0	9.632463474E2	3.098973132E2
2.802800000E0	9.635444628E2	3.099710427E2
2.819483333E0	9.643282840E2	3.099925241E2
2.836166667E0	9.644145092E2	3.100341273E2
2.852850000E0	9.648906911E2	3.100412720E2
2.869533333E0	9.657290785E2	3.100138477E2
2.886216667E0	9.664633536E2	3.099341185E2
2.902900000E0	9.665547999E2	3.099542721E2
2.919583333E0	9.669663147E2	3.100180392E2
2.936266667E0	9.668868494E2	3.100212769E2
2.952950000E0	9.676739023E2	3.100134166E2
2.969633333E0	9.679279495E2	3.100272497E2
2.986316667E0	9.682293448E2	3.100290973E2
3.003000000E0	9.686070675E2	3.100335314E2
3.019683333E0	9.691034050E2	3.100225474E2
3.036366667E0	9.690405860E2	3.100520585E2
3.053050000E0	9.690774469E2	3.100387764E2
3.069733333E0	9.689314817E2	3.101020324E2
3.086416667E0	9.688429921E2	3.100270603E2
3.103100000E0	9.687121479E2	3.100699405E2
3.119783333E0	9.684818030E2	3.100847463E2
3.136466667E0	9.676350366E2	3.100913294E2
3.153150000E0	9.676733257E2	3.100187015E2
3.169833333E0	9.670649447E2	3.099808030E2
3.186516667E0	9.667520970E2	3.099795344E2
3.203200000E0	9.663445885E2	3.099990787E2
3.219883333E0	9.659065709E2	3.100014852E2
3.236566667E0	9.652239198E2	3.100147906E2
3.253250000E0	9.645681730E2	3.099819953E2
3.269933333E0	9.645660580E2	3.099802596E2
3.286616667E0	9.632917866E2	3.099546884E2
3.303300000E0	9.625376499E2	3.098918505E2
3.319983333E0	9.619239453E2	3.100042216E2
3.336666667E0	9.613135477E2	3.099790845E2
3.353350000E0	9.610893201E2	3.099389351E2
3.370033333E0	9.607989507E2	3.100169491E2
3.386716667E0	9.606346337E2	3.100289129E2
3.403400000E0	9.606332625E2	3.100371788E2
3.420083333E0	9.605567072E2	3.100761573E2
3.436766667E0	9.603555519E2	3.100154419E2
3.453450000E0	9.602476645E2	3.100455443E2
3.470133333E0	9.604747160E2	3.100320625E2
3.486816667E0	9.602845042E2	3.100076852E2
3.503500000E0	9.605191360E2	3.100625656E2
3.520183333E0	9.609807049E2	3.100562520E2
3.536866667E0	9.610126804E2	3.100544851E2
3.553550000E0	9.614417544E2	3.099673028E2
3.570233333E0	9.619727103E2	3.100327679E2
3.586916667E0	9.627200172E2	3.100406965E2
3.603600000E0	9.629677806E2	3.100612680E2
3.620283333E0	9.633670651E2	3.100519733E2
3.636966667E0	9.637988990E2	3.100357727E2
3.653650000E0	9.645145748E2	3.100523753E2
3.670333333E0	9.649021366E2	3.100892855E2
3.687016667E0	9.649799726E2	3.100426462E2
3.703700000E0	9.650172399E2	3.100927478E2
3.720383333E0	9.654920193E2	3.100296933E2
3.737066667E0	9.669849900E2	3.099983666E2
3.753750000E0	9.689067913E2	3.099821547E2
3.770433333E0	9.718516765E2	3.099836804E2
3.787116667E0	9.754997500E2	3.099414789E2
3.803800000E0	9.800931906E2	3.099423272E2
3.820483333E0	9.849142246E2	3.100561644E2
3.837166667E0	9.902902592E2	3.101040659E2
3.853850000E0	9.959352602E2	3.101206516E2
3.870533333E0	1.001494341E3	3.100827352E2
3.887216667E0	1.007133349E3	3.101466550E2
3.903900000E0	1.012788202E3	3.102867325E2
3.920583333E0	1.019913016E3	3.111807327E2
3.937266667E0	1.027689612E3	3.118420314E2
3.953950000E0	1.034763570E3	3.120238997E2
3.970633333E0	1.042271761E3	3.122684980E2
3.987316667E0	1.051706826E3	3.139943134E2
4.004000000E0	1.060975399E3	3.150887293E2
4.020683333E0	1.069554057E3	3.163127584E2
4.037366667E0	1.079635255E3	3.180863190E2
4.054050000E0	1.089823035E3	3.200351334E2
4.070733333E0	1.100374495E3	3.219652444E2
4.087416667E0	1.111605353E3	3.241654478E2
4.104100000E0	1.125483969E3	3.276799110E2
4.120783333E0	1.135997284E3	3.300782087E2
4.137466667E0	1.149397951E3	3.336136941E2
4.154150000E0	1.159073117E3	3.361031182E2
4.170833333E0	1.170794070E3	3.399673661E2
4.187516667E0	1.180117275E3	3.421401407E2
4.204200000E0	1.190689361E3	3.460174802E2
4.220883333E0	1.201056328E3	3.498605384E2
4.237566667E0	1.209706599E3	3.522511958E2
4.254250000E0	1.219777771E3	3.560782072E2
4.270933333E0	1.229363283E3	3.599348080E2
4.287616667E0	1.238952585E3	3.639682371E2
4.304300000E0	1.248146427E3	3.678883832E2
4.320983333E0	1.256243769E3	3.718988886E2
4.337666667E0	1.264806516E3	3.760177626E2
4.354350000E0	1.272694169E3	3.800557888E2
4.371033333E0	1.280301788E3	3.838400244E2
4.387716667E0	1.287759932E3	3.880950338E2
4.404400000E0	1.295627711E3	3.921828826E2
4.421083333E0	1.303104991E3	3.961021364E2
4.437766667E0	1.310004178E3	4.001935221E2
4.454450000E0	1.318675907E3	4.059885130E2
4.471133333E0	1.325774602E3	4.100881316E2
4.487816667E0	1.332349293E3	4.139746052E2
4.504500000E0	1.339789645E3	4.194989682E2
4.521183333E0	1.347167201E3	4.239372051E2
4.537866667E0	1.354215494E3	4.285489623E2
4.554550000E0	1.361384678E3	4.338894697E2
4.571233333E0	1.368864219E3	4.399075974E2
4.587916667E0	1.374996206E3	4.442742929E2
4.604600000E0	1.382304423E3	4.500151864E2
4.621283333E0	1.389432579E3	4.558578081E2
4.637966667E0	1.396489022E3	4.618225385E2
4.654650000E0	1.403125018E3	4.678283171E2
4.671333333E0	1.410047774E3	4.739577449E2
4.688016667E0	1.416850937E3	4.798983693E2
4.704700000E0	1.422998124E3	4.854133986E2
4.721383333E0	1.429832797E3	4.921622446E2
4.738066667E0	1.436786336E3	4.998441975E2
4.754750000E0	1.443101792E3	5.058741300E2
4.771433333E0	1.448999009E3	5.122384401E2
4.788116667E0	1.455520149E3	5.201805675E2
4.804800000E0	1.462555827E3	5.280958321E2
4.821483333E0	1.468782916E3	5.358527620E2
4.838166667E0	1.474886365E3	5.429080703E2
4.854850000E0	1.480623634E3	5.503722971E2
4.871533333E0	1.486833541E3	5.580983342E2
4.888216667E0	1.492627619E3	5.661503597E2
4.904900000E0	1.497185155E3	5.720101913E2
4.921583333E0	1.502905474E3	5.801326847E2
4.938266667E0	1.508565316E3	5.883356395E2
4.954950000E0	1.512973476E3	5.943857448E2
4.971633333E0	1.518921274E3	6.038794060E2
4.988316667E0	1.523192045E3	6.099692054E2
5.005000000E0	1.528767760E3	6.186091794E2
5.021683333E0	1.533034602E3	6.256980432E2
5.038366667E0	1.536939763E3	6.323255536E2
5.055050000E0	1.541145782E3	6.395357419E2
5.071733333E0	1.545041274E3	6.461852890E2
5.088416667E0	1.549231521E3	6.539375978E2
5.105100000E0	1.553654849E3	6.622078020E2
5.121783333E0	1.558136248E3	6.701523056E2
5.138466667E0	1.562109798E3	6.779187778E2
5.155150000E0	1.566192415E3	6.860145747E2
5.171833333E0	1.570025761E3	6.940006731E2
5.188516667E0	1.573919197E3	7.018788055E2
5.205200000E0	1.577633302E3	7.099714939E2
5.221883333E0	1.580752405E3	7.173920366E2
5.238566667E0	1.584050256E3	7.253449823E2
5.255250000E0	1.587126807E3	7.328745355E2
5.271933333E0	1.590167275E3	7.399787502E2
5.288616667E0	1.593043421E3	7.472179886E2
5.305300000E0	1.595875315E3	7.546360724E2
5.321983333E0	1.598518919E3	7.625990787E2
5.338666667E0	1.601184553E3	7.708094791E2
5.355350000E0	1.603658215E3	7.780584381E2
5.372033333E0	1.605986664E3	7.864414974E2
5.388716667E0	1.608664784E3	7.938115978E2
5.405400000E0	1.610954454E3	8.028094317E2
5.422083333E0	1.612909626E3	8.115119769E2
5.438766667E0	1.615054970E3	8.204793917E2
5.455450000E0	1.617035475E3	8.292847741E2
5.472133333E0	1.619039357E3	8.380041220E2
5.488816667E0	1.620879628E3	8.467463451E2
5.505500000E0	1.622740423E3	8.543908336E2
5.522183333E0	1.623343448E3	8.640645190E2
5.538866667E0	1.624958017E3	8.719170497E2
5.555550000E0	1.626276714E3	8.803227070E2
5.572233333E0	1.627214060E3	8.882852151E2
5.588916667E0	1.628564738E3	8.960013814E2
5.605600000E0	1.629034485E3	9.045181342E2
5.622283333E0	1.629417273E3	9.133571892E2
5.638966667E0	1.629985406E3	9.199080582E2
5.655650000E0	1.630787868E3	9.256623079E2
5.672333333E0	1.631005401E3	9.320948907E2
5.689016667E0	1.631071555E3	9.376051195E2
5.705700000E0	1.631428198E3	9.424437773E2
5.722383333E0	1.631250634E3	9.463515406E2
5.739066667E0	1.631064339E3	9.495003567E2
5.755750000E0	1.631153955E3	9.519383123E2
5.772433333E0	1.631115848E3	9.538431419E2
5.789116667E0	1.631136336E3	9.543861822E2
5.805800000E0	1.631210025E3	9.543823443E2
5.822483333E0	1.631027874E3	9.540595408E2
5.839166667E0	1.630992483E3	9.527863638E2
5.855850000E0	1.630993295E3	9.516041661E2
5.872533333E0	1.630962451E3	9.498097781E2
5.889216667E0	1.630964262E3	9.477383463E2
5.905900000E0	1.630997349E3	9.450392575E2
5.922583333E0	1.630922666E3	9.425032264E2
5.939266667E0	1.630965914E3	9.398892574E2
5.955950000E0	1.630856595E3	9.371755971E2
5.972633333E0	1.630723975E3	9.347166555E2
5.989316667E0	1.630710137E3	9.327715894E2
6.006000000E0	1.630687550E3	9.305893426E2
6.022683333E0	1.630833795E3	9.288614930E2
6.039366667E0	1.630750613E3	9.280206493E2
6.056050000E0	1.630875057E3	9.270519148E2
6.072733333E0	1.630907878E3	9.270259452E2
6.089416667E0	1.631097175E3	9.271441172E2
6.106100000E0	1.632340965E3	9.279097402E2
6.122783333E0	1.632841232E3	9.286406714E2
6.139466667E0	1.633216689E3	9.294948971E2
6.156150000E0	1.633711529E3	9.295497456E2
6.172833333E0	1.633999390E3	9.296904831E2
6.189516667E0	1.634681680E3	9.289237770E2
6.206200000E0	1.635010910E3	9.291676599E2
6.222883333E0	1.635393501E3	9.283112965E2
6.239566667E0	1.635194485E3	9.269523540E2
6.256250000E0	1.635133898E3	9.251610796E2
6.272933333E0	1.635148419E3	9.236958340E2
6.289616667E0	1.635180008E3	9.220728580E2
6.306300000E0	1.635172100E3	9.214166834E2
6.322983333E0	1.635217276E3	9.208739273E2
6.339666667E0	1.635714881E3	9.198388541E2
6.356350000E0	1.636242437E3	9.198607966E2
6.373033333E0	1.636605984E3	9.199549609E2
6.389716667E0	1.637089396E3	9.201056769E2
6.406400000E0	1.637220755E3	9.200943685E2
6.423083333E0	1.637652421E3	9.199277165E2
6.439766667E0	1.637905751E3	9.196510985E2
6.456450000E0	1.638038965E3	9.190079595E2
6.473133333E0	1.638040625E3	9.178934986E2
6.489816667E0	1.638017203E3	9.170045558E2
6.506500000E0	1.638079220E3	9.158146366E2
6.523183333E0	1.638069491E3	9.147373314E2
6.539866667E0	1.638027653E3	9.138108502E2
6.556550000E0	1.637990885E3	9.135413142E2
6.573233333E0	1.637988196E3	9.133587729E2
6.589916667E0	1.637998690E3	9.122802789E2
6.606600000E0	1.637945884E3	9.119065654E2
6.623283333E0	1.637953848E3	9.118169818E2
6.639966667E0	1.638034512E3	9.118512565E2
6.656650000E0	1.638136278E3	9.124869853E2
6.673333333E0	1.638024909E3	9.135854120E2
6.690016667E0	1.638125134E3	9.142385121E2
6.706700000E0	1.638086947E3	9.157912305E2
6.723383333E0	1.638212552E3	9.165103314E2
6.740066667E0	1.638110347E3	9.180167136E2
6.756750000E0	1.638433254E3	9.190579094E2
6.773433333E0	1.638261621E3	9.199308320E2
6.790116667E0	1.638307574E3	9.209068387E2
6.806800000E0	1.638364208E3	9.210594425E2
6.823483333E0	1.638273959E3	9.213737251E2
6.840166667E0	1.638255510E3	9.214019610E2
6.856850000E0	1.638240525E3	9.214288408E2
6.873533333E0	1.638227311E3	9.212884421E2
6.890216667E0	1.638206353E3	9.214141911E2
6.906900000E0	1.638137722E3	9.223011197E2
6.923583333E0	1.638197200E3	9.230222230E2
6.940266667E0	1.638138867E3	9.248248428E2
6.956950000E0	1.638198621E3	9.269774364E2
6.973633333E0	1.638371357E3	9.296578851E2
6.990316667E0	1.638813475E3	9.327026021E2
7.007000000E0	1.638797701E3	9.357440756E2
7.023683333E0	1.639126343E3	9.391191115E2
7.040366667E0	1.639279378E3	9.428805845E2
7.057050000E0	1.639129664E3	9.467573360E2
7.073733333E0	1.639608910E3	9.497905366E2
7.090416667E0	1.639870584E3	9.536626188E2
7.107100000E0	1.639955098E3	9.569948052E2
7.123783333E0	1.640096873E3	9.602731403E2
7.140466667E0	1.639991077E3	9.638150887E2
7.157150000E0	1.640094933E3	9.669523762E2
7.173833333E0	1.640013065E3	9.699123986E2
7.190516667E0	1.640037443E3	9.719310359E2
7.207200000E0	1.640032155E3	9.740965198E2
7.223883333E0	1.639885176E3	9.759153070E2
7.240566667E0	1.639960044E3	9.769490273E2
7.257250000E0	1.639957040E3	9.777109238E2
7.273933333E0	1.640005379E3	9.780214610E2
7.290616667E0	1.640093294E3	9.784672848E2
7.307300000E0	1.640079198E3	9.790642533E2
7.323983333E0	1.640112317E3	9.795568826E2
7.340666667E0	1.640169352E3	9.807258669E2
7.357350000E0	1.640155098E3	9.814892341E2
7.374033333E0	1.639998749E3	9.827074442E2
7.390716667E0	1.640057754E3	9.841209091E2
7.407400000E0	1.640027150E3	9.860751991E2
7.424083333E0	1.640044564E3	9.882781400E2
7.440766667E0	1.640027235E3	9.916368179E2
7.457450000E0	1.639945431E3	9.939344629E2
7.474133333E0	1.640044462E3	9.961425736E2
7.490816667E0	1.640010472E3	9.980164965E2
7.507500000E0	1.639930318E3	9.998281681E2
7.524183333E0	1.639907309E3	1.000652360E3
7.540866667E0	1.639969332E3	1.001375360E3
7.557550000E0	1.639956283E3	1.000919979E3
7.574233333E0	1.640016621E3	1.000301884E3
7.590916667E0	1.640006690E3	9.998723968E2
7.607600000E0	1.640027196E3	9.992350941E2
7.624283333E0	1.640029496E3	9.987617478E2
7.640966667E0	1.640029384E3	9.980472735E2
7.657650000E0	1.640067375E3	9.969096096E2
7.674333333E0	1.640011419E3	9.959650398E2
7.691016667E0	1.639931360E3	9.948213572E2
7.707700000E0	1.639989253E3	9.938850886E2
7.724383333E0	1.640054510E3	9.929281726E2
7.741066667E0	1.640035371E3	9.918018298E2
7.757750000E0	1.640081118E3	9.910263445E2
7.774433333E0	1.640047588E3	9.901624490E2
7.791116667E0	1.640044632E3	9.899106816E2
7.807800000E0	1.639944059E3	9.896701385E2
7.824483333E0	1.639976605E3	9.892703178E2
7.841166667E0	1.639960137E3	9.887338359E2
7.857850000E0	1.639962740E3	9.878130694E2
7.874533333E0	1.639985662E3	9.867113535E2
7.891216667E0	1.639990000E3	9.846290701E2
7.907900000E0	1.640169829E3	9.814168068E2
7.924583333E0	1.640094309E3	9.770248262E2
7.941266667E0	1.640113506E3	9.698616571E2
7.957950000E0	1.640166279E3	9.569638423E2
7.974633333E0	1.641819459E3	9.365143249E2
7.991316667E0	1.642309752E3	9.091795105E2
8.008000000E0	1.640207342E3	8.748852060E2
8.024683333E0	1.633937202E3	8.328089714E2
8.041366667E0	1.622217900E3	7.826558797E2
8.058050000E0	1.602008618E3	7.245254454E2
8.074733333E0	1.571601968E3	6.590562707E2
8.091416667E0	1.527970562E3	5.912205633E2
8.108100000E0	1.472419206E3	5.232807942E2
8.124783333E0	1.403684096E3	4.592378847E2
8.141466667E0	1.319972050E3	4.024094297E2
8.158150000E0	1.225886424E3	3.569905232E2
8.174833333E0	1.124169224E3	3.261925769E2
8.191516667E0	1.018184351E3	3.117808782E2
8.208200000E0	9.119898181E2	3.138452811E2
8.224883333E0	8.095758892E2	3.315806390E2
8.241566667E0	7.143793422E2	3.624063217E2
8.258250000E0	6.296271044E2	4.050408948E2
8.274933333E0	5.542094726E2	4.558172485E2
8.291616667E0	4.900104912E2	5.125053383E2
8.308300000E0	4.379039691E2	5.720447334E2
8.324983333E0	3.960688300E2	6.316597342E2
8.341666667E0	3.640558742E2	6.896638591E2
8.358350000E0	3.403681170E2	7.439518705E2
8.375033333E0	3.244860288E2	7.922520885E2
8.391716667E0	3.139907725E2	8.343555978E2
8.408400000E0	3.076913243E2	8.700772265E2
8.425083333E0	3.040111428E2	8.980809452E2
8.441766667E0	3.021184577E2	9.183106054E2
8.458450000E0	3.018584497E2	9.301141261E2
8.475133333E0	3.018835117E2	9.340740817E2
8.491816667E0	3.020866608E2	9.299437954E2
8.508500000E0	3.038774867E2	9.162533813E2
8.525183333E0	3.061718656E2	8.953529806E2
8.541866667E0	3.113606311E2	8.639211294E2
8.558550000E0	3.190767726E2	8.242732307E2
8.575233333E0	3.320859951E2	7.763986315E2
8.591916667E0	3.517894070E2	7.218689592E2
8.608600000E0	3.799640371E2	6.618076124E2
8.625283333E0	4.201203256E2	5.976293103E2
8.641966667E0	4.721982980E2	5.326520595E2
8.658650000E0	5.376519088E2	4.703234553E2
8.675333333E0	6.142261052E2	4.142398740E2
8.692016667E0	7.021738453E2	3.679397119E2
8.708700000E0	7.984901287E2	3.344710002E2
8.725383333E0	8.984118877E2	3.155666477E2
8.742066667E0	1.000276662E3	3.113467880E2
8.758750000E0	1.099865605E3	3.223334115E2
8.775433333E0	1.192920432E3	3.462663799E2
8.792116667E0	1.278236939E3	3.818164490E2
8.808800000E0	1.354276342E3	4.256023152E2
8.825483333E0	1.420161481E3	4.757133393E2
8.842166667E0	1.475847661E3	5.282544459E2
8.858850000E0	1.520056942E3	5.819005060E2
8.875533333E0	1.555950566E3	6.340712416E2
8.892216667E0	1.583698673E3	6.823026962E2
8.908900000E0	1.603711887E3	7.278387666E2
8.925583333E0	1.618067851E3	7.661575701E2
8.942266667E0	1.627954419E3	7.976936119E2
8.958950000E0	1.634188228E3	8.217850196E2
8.975633333E0	1.637899454E3	8.386298462E2
8.992316667E0	1.639931637E3	8.481088486E2
9.009000000E0	1.639757267E3	8.489326144E2
9.025683333E0	1.638035113E3	8.417362831E2
9.042366667E0	1.633792784E3	8.260640246E2
9.059050000E0	1.626605337E3	8.016723291E2
9.075733333E0	1.616847210E3	7.696507195E2
9.092416667E0	1.602235482E3	7.295255059E2
9.109100000E0	1.580362020E3	6.820094311E2
9.125783333E0	1.551773404E3	6.295447914E2
9.142466667E0	1.513376044E3	5.738334507E2
9.159150000E0	1.463720087E3	5.160304115E2
9.175833333E0	1.401103997E3	4.602513599E2
9.192516667E0	1.328114837E3	4.099001195E2
9.209200000E0	1.246083417E3	3.678222593E2
9.225883333E0	1.155823391E3	3.360630395E2
9.242566667E0	1.060876610E3	3.179973738E2
9.259250000E0	9.638280107E2	3.128270974E2
9.275933333E0	8.688452575E2	3.216214510E2
9.292616667E0	7.776993740E2	3.422399738E2
9.309300000E0	6.948605731E2	3.737046657E2
9.325983333E0	6.196704332E2	4.136783266E2
9.342666667E0	5.538185610E2	4.596316552E2
9.359350000E0	4.981129340E2	5.082488948E2
9.376033333E0	4.501740299E2	5.597919864E2
9.392716667E0	4.132112701E2	6.099003817E2
9.409400000E0	3.835574147E2	6.576332534E2
9.426083333E0	3.605820745E2	7.015909621E2
9.442766667E0	3.447963740E2	7.397560801E2
9.459450000E0	3.332117669E2	7.718210053E2
9.476133333E0	3.251824156E2	7.977017670E2
9.492816667E0	3.207528787E2	8.158133664E2
9.509500000E0	3.187514630E2	8.261319693E2
9.526183333E0	3.171337569E2	8.296717848E2
9.542866667E0	3.190634272E2	8.240250442E2
9.559550000E0	3.227935475E2	8.105958204E2
9.576233333E0	3.289066989E2	7.897809779E2
9.592916667E0	3.390233436E2	7.600716510E2
9.609600000E0	3.525689183E2	7.236267573E2
9.626283333E0	3.729989825E2	6.799698908E2
9.642966667E0	4.012053814E2	6.302620440E2
9.659650000E0	4.368005535E2	5.778561672E2
9.676333333E0	4.833111982E2	5.237714867E2
9.693016667E0	5.408675954E2	4.700270633E2
9.709700000E0	6.087423031E2	4.202269108E2
9.726383333E0	6.851933052E2	3.780290735E2
9.743066667E0	7.707879491E2	3.458410589E2
9.759750000E0	8.607662855E2	3.241580846E2
9.776433333E0	9.525237702E2	3.141148828E2
9.793116667E0	1.044924965E3	3.177854524E2
9.809800000E0	1.132743772E3	3.321265670E2
9.826483333E0	1.214828593E3	3.577033050E2
9.843166667E0	1.289447501E3	3.902689416E2
9.859850000E0	1.355707600E3	4.299547910E2
9.876533333E0	1.414467016E3	4.737200126E2
9.893216667E0	1.463466491E3	5.182839004E2
9.909900000E0	1.503013788E3	5.637748745E2
9.926583333E0	1.536326727E3	6.062821644E2
9.943266667E0	1.560935478E3	6.458759020E2
9.959950000E0	1.579818474E3	6.802010489E2
9.976633333E0	1.593876860E3	7.099143216E2
9.993316667E0	1.603827465E3	7.321625163E2
1.001000000E1	1.609909217E3	7.479622117E2
1.002668333E1	1.612274929E3	7.560480673E2
1.004336667E1	1.612194371E3	7.560261918E2
1.006005000E1	1.609476183E3	7.496388656E2
1.007673333E1	1.603610970E3	7.341828490E2
1.009341667E1	1.594173800E3	7.124200653E2
1.011010000E1	1.579904477E3	6.838504609E2
1.012678333E1	1.560425593E3	6.480459334E2
1.014346667E1	1.534392987E3	6.063071660E2
1.016015000E1	1.500444200E3	5.616425791E2
1.017683333E1	1.458235539E3	5.139201436E2
1.019351667E1	1.405766160E3	4.661634652E2
1.021020000E1	1.343841266E3	4.218566222E2
1.022688333E1	1.272497346E3	3.818968522E2
1.024356667E1	1.194173876E3	3.499161325E2
1.026025000E1	1.110174660E3	3.276977032E2
1.027693333E1	1.022471465E3	3.157897131E2
1.029361667E1	9.355914167E2	3.159644357E2
1.031030000E1	8.484830430E2	3.260897805E2
1.032698333E1	7.683010429E2	3.477437229E2
1.034366667E1	6.921844678E2	3.760226645E2
1.036035000E1	6.242116017E2	4.117178645E2
1.037703333E1	5.657139864E2	4.517412381E2
1.039371667E1	5.142615532E2	4.940420472E2
1.041040000E1	4.702970950E2	5.375870561E2
1.042708333E1	4.356316739E2	5.796479378E2
1.044376667E1	4.079532368E2	6.182920214E2
1.046045000E1	3.860678240E2	6.541995587E2
1.047713333E1	3.702451147E2	6.842465911E2
1.049381667E1	3.578035877E2	7.096075709E2
1.051050000E1	3.500936248E2	7.278709785E2
1.052718333E1	3.456799911E2	7.396789495E2
1.054386667E1	3.440879352E2	7.439349384E2
1.056055000E1	3.444656935E2	7.416213844E2
1.057723333E1	3.486161315E2	7.315829364E2
1.059391667E1	3.563626282E2	7.139858340E2
1.061060000E1	3.678785512E2	6.897907752E2
1.062728333E1	3.843225242E2	6.581359871E2
1.064396667E1	4.060200329E2	6.216516301E2
1.066065000E1	4.358983279E2	5.799265277E2
1.067733333E1	4.723856880E2	5.356978044E2
1.069401667E1	5.183350788E2	4.898572620E2
1.071070000E1	5.737558325E2	4.456541394E2
1.072738333E1	6.377035317E2	4.041957714E2
1.074406667E1	7.100738467E2	3.697224003E2
1.076075000E1	7.877477661E2	3.421959522E2
1.077743333E1	8.701363653E2	3.241146196E2
1.079411667E1	9.537872903E2	3.162557423E2
1.081080000E1	1.037836671E3	3.197793802E2
1.082748333E1	1.118171739E3	3.318644648E2
1.084416667E1	1.193689631E3	3.522117364E2
1.086085000E1	1.262255363E3	3.801117256E2
1.087753333E1	1.325663522E3	4.139226685E2
1.089421667E1	1.379922955E3	4.503135100E2
1.091090000E1	1.427705597E3	4.880297288E2
1.092758333E1	1.466413550E3	5.260244144E2
1.094426667E1	1.498165584E3	5.622446052E2
1.096095000E1	1.524298447E3	5.960176636E2
1.097763333E1	1.544169987E3	6.256378069E2
1.099431667E1	1.559735904E3	6.498922445E2
1.101100000E1	1.569800525E3	6.678780188E2
1.102768333E1	1.575721801E3	6.797490279E2
1.104436667E1	1.577942063E3	6.855877321E2
1.106105000E1	1.576357672E3	6.837648331E2
1.107773333E1	1.571859248E3	6.742105591E2
1.109441667E1	1.563106261E3	6.596512696E2
1.111110000E1	1.550070451E3	6.378573542E2
1.112778333E1	1.532009164E3	6.100497763E2
1.114446667E1	1.508194579E3	5.776659040E2
1.116115000E1	1.476614332E3	5.401384278E2
1.117783333E1	1.438231209E3	5.002006842E2
1.119451667E1	1.391554144E3	4.603671240E2
1.121120000E1	1.336282957E3	4.218798944E2
1.122788333E1	1.272659141E3	3.863022150E2
1.124456667E1	1.203160213E3	3.562409112E2
1.126125000E1	1.128195656E3	3.340078121E2
1.127793333E1	1.049994432E3	3.216075388E2
1.129461667E1	9.686618438E2	3.162760609E2
1.131130000E1	8.897592597E2	3.219746955E2
1.132798333E1	8.129817140E2	3.360817335E2
1.134466667E1	7.408709792E2	3.578508843E2
1.136135000E1	6.752402938E2	3.858821841E2
1.137803333E1	6.157625363E2	4.181007514E2
1.139471667E1	5.629056634E2	4.540421425E2
1.141140000E1	5.180546064E2	4.916059906E2
1.142808333E1	4.813552605E2	5.279848099E2
1.144476667E1	4.512757381E2	5.622815158E2
1.146145000E1	4.266093211E2	5.940877593E2
1.147813333E1	4.069135207E2	6.219923727E2
1.149481667E1	3.932226723E2	6.442781410E2
1.151150000E1	3.830660895E2	6.619409145E2
1.152818333E1	3.790697623E2	6.721764499E2
1.154486667E1	3.749445616E2	6.779599549E2
1.156155000E1	3.763502938E2	6.759858531E2
1.157823333E1	3.802536426E2	6.679815166E2
1.159491667E1	3.900092362E2	6.521707241E2
1.161160000E1	4.012835336E2	6.319288740E2
1.162828333E1	4.201206968E2	6.041210981E2
1.164496667E1	4.438328724E2	5.721021337E2
1.166165000E1	4.721821706E2	5.376913608E2
1.167833333E1	5.108965078E2	4.983390709E2
1.169501667E1	5.556526522E2	4.601410220E2
1.171170000E1	6.081148935E2	4.235281809E2
1.172838333E1	6.683367439E2	3.897602812E2
1.174506667E1	7.354275968E2	3.600307267E2
1.176175000E1	8.071926750E2	3.378463826E2
1.177843333E1	8.821310336E2	3.223401983E2
1.179511667E1	9.587514393E2	3.159949547E2
1.181180000E1	1.035101957E3	3.195657754E2
1.182848333E1	1.109027388E3	3.299159297E2
1.184516667E1	1.178860722E3	3.481403889E2
1.186185000E1	1.242670659E3	3.719407392E2
1.187853333E1	1.301107009E3	4.000191064E2
1.189521667E1	1.353041276E3	4.318516938E2
1.191190000E1	1.397276396E3	4.638400615E2
1.192858333E1	1.435309463E3	4.959182315E2
1.194526667E1	1.466926015E3	5.259914068E2
1.196195000E1	1.491305119E3	5.541695549E2
1.197863333E1	1.511157775E3	5.781288086E2
1.199531667E1	1.526785962E3	5.980638826E2
1.201200000E1	1.536755833E3	6.121311196E2
1.202868333E1	1.541366235E3	6.216384369E2
1.204536667E1	1.543008462E3	6.239790444E2
1.206205000E1	1.541033173E3	6.200611504E2
1.207873333E1	1.534808336E3	6.102040677E2
1.209541667E1	1.523100724E3	5.957779167E2
1.211210000E1	1.507311861E3	5.742814096E2
1.212878333E1	1.486851706E3	5.482431172E2
1.214546667E1	1.459192276E3	5.181942526E2
1.216215000E1	1.425175000E3	4.859565073E2
1.217883333E1	1.383416663E3	4.520773707E2
1.219551667E1	1.335011274E3	4.183409006E2
1.221220000E1	1.280551163E3	3.880373286E2
1.222888333E1	1.219111003E3	3.615467524E2
1.224556667E1	1.151167541E3	3.382305738E2
1.226225000E1	1.080999768E3	3.239290129E2
1.227893333E1	1.007358408E3	3.159733335E2
1.229561667E1	9.351686919E2	3.176290441E2
1.231230000E1	8.629159433E2	3.259000211E2
1.232898333E1	7.932032493E2	3.401976152E2
1.234566667E1	7.293514518E2	3.619208426E2
1.236235000E1	6.711239249E2	3.879583163E2
1.237903333E1	6.189567777E2	4.175031540E2
1.239571667E1	5.729298125E2	4.481976146E2
1.241240000E1	5.328127881E2	4.799545795E2
1.242908333E1	4.993052427E2	5.101718454E2
1.244576667E1	4.729662089E2	5.382672356E2
1.246245000E1	4.509362113E2	5.639386098E2
1.247913333E1	4.355941206E2	5.841971818E2
1.249581667E1	4.225390221E2	6.016765398E2
1.251250000E1	4.166378007E2	6.121331351E2
1.252918333E1	4.126828299E2	6.180082535E2
1.254586667E1	4.127825873E2	6.179956168E2
1.256255000E1	4.168808932E2	6.120036126E2
1.257923333E1	4.250848943E2	6.001232187E2
1.259591667E1	4.366013666E2	5.836906322E2
1.261260000E1	4.533074303E2	5.618513884E2
1.262928333E1	4.773247123E2	5.343918520E2
1.264596667E1	5.050724820E2	5.056798584E2
1.266265000E1	5.405454690E2	4.735449139E2
1.267933333E1	5.825497913E2	4.415749618E2
1.269601667E1	6.325067168E2	4.097241714E2
1.271270000E1	6.873839072E2	3.801135464E2
1.272938333E1	7.487966432E2	3.558332472E2
1.274606667E1	8.145939929E2	3.360252240E2
1.276275000E1	8.826650361E2	3.223783877E2
1.277943333E1	9.528943374E2	3.160206870E2
1.279611667E1	1.022712700E3	3.177326848E2
1.281280000E1	1.090696211E3	3.258563574E2
1.282948333E1	1.155047375E3	3.400263938E2
1.284616667E1	1.215180086E3	3.600356562E2
1.286285000E1	1.269834850E3	3.837323071E2
1.287953333E1	1.319078332E3	4.099351306E2
1.289621667E1	1.362555496E3	4.361133328E2
1.291290000E1	1.399006400E3	4.638738268E2
1.292958333E1	1.429960559E3	4.900600028E2
1.294626667E1	1.455710374E3	5.142322028E2
1.296295000E1	1.475597840E3	5.356911186E2
1.297963333E1	1.490830934E3	5.519741673E2
1.299631667E1	1.500973029E3	5.640788072E2
1.301300000E1	1.506291137E3	5.718627541E2
1.302968333E1	1.506722918E3	5.737059544E2
1.304636667E1	1.504326021E3	5.699717747E2
1.306305000E1	1.496203300E3	5.616826683E2
1.307973333E1	1.484254597E3	5.478438544E2
1.309641667E1	1.467599979E3	5.281770590E2
1.311310000E1	1.445385672E3	5.059704420E2
1.312978333E1	1.416966243E3	4.800714561E2
1.314646667E1	1.381847901E3	4.520988257E2
1.316315000E1	1.341262665E3	4.239228103E2
1.317983333E1	1.293936496E3	3.961596050E2
1.319651667E1	1.240463834E3	3.702526724E2
1.321320000E1	1.182419002E3	3.481038196E2
1.322988333E1	1.120101217E3	3.319758007E2
1.324656667E1	1.054082995E3	3.202395361E2
1.326325000E1	9.868519877E2	3.160075394E2
1.327993333E1	9.202098816E2	3.182707905E2
1.329661667E1	8.552500183E2	3.273228399E2
1.331330000E1	7.927138329E2	3.413582001E2
1.332998333E1	7.344536418E2	3.600974673E2
1.334666667E1	6.809346453E2	3.830672369E2
1.336335000E1	6.329953034E2	4.085706849E2
1.338003333E1	5.906165480E2	4.350831451E2
1.339671667E1	5.536305236E2	4.617566181E2
1.341340000E1	5.236490292E2	4.877418192E2
1.343008333E1	4.980103262E2	5.117204840E2
1.344676667E1	4.784457259E2	5.321779304E2
1.346345000E1	4.624388381E2	5.497348564E2
1.348013333E1	4.521281275E2	5.620436209E2
1.349681667E1	4.459601899E2	5.700584571E2
1.351350000E1	4.425641140E2	5.736995667E2
1.353018333E1	4.440327750E2	5.717000941E2
1.354686667E1	4.508034406E2	5.639349010E2
1.356355000E1	4.610537321E2	5.519225036E2
1.358023333E1	4.768299513E2	5.342572653E2
1.359691667E1	4.956427182E2	5.139004018E2
1.361360000E1	5.213830211E2	4.899170141E2
1.363028333E1	5.518500149E2	4.638226916E2
1.364696667E1	5.902023159E2	4.358750232E2
1.366365000E1	6.338210355E2	4.080589035E2
1.368033333E1	6.826266852E2	3.820674045E2
1.369701667E1	7.368981681E2	3.598239527E2
1.371370000E1	7.952865991E2	3.402851634E2
1.373038333E1	8.570087647E2	3.263297915E2
1.374706667E1	9.210685559E2	3.180949665E2
1.376375000E1	9.850214994E2	3.158948069E2
1.378043333E1	1.048484352E3	3.198446030E2
1.379711667E1	1.109268944E3	3.296808210E2
1.381380000E1	1.167074077E3	3.440623391E2
1.383048333E1	1.220601956E3	3.620565584E2
1.384716667E1	1.269109033E3	3.839158938E2
1.386385000E1	1.312651295E3	4.061913955E2
1.388053333E1	1.349843043E3	4.297519880E2
1.389721667E1	1.382836272E3	4.522090551E2
1.391390000E1	1.409617043E3	4.737729741E2
1.393058333E1	1.432084522E3	4.922144866E2
1.394726667E1	1.449077164E3	5.082561132E2
1.396395000E1	1.460648661E3	5.198712376E2
1.398063333E1	1.467461666E3	5.278413435E2
1.399731667E1	1.470697657E3	5.302885073E2
1.401400000E1	1.468918436E3	5.284558279E2
1.403068333E1	1.462641654E3	5.221297264E2
1.404736667E1	1.451369984E3	5.117220765E2
1.406405000E1	1.435447050E3	4.961255633E2
1.408073333E1	1.415281112E3	4.782294045E2
1.409741667E1	1.388924191E3	4.572993896E2
1.411410000E1	1.356725310E3	4.339886870E2
1.413078333E1	1.318860061E3	4.099278074E2
1.414746667E1	1.276727528E3	3.866135255E2
1.416415000E1	1.228756918E3	3.649225167E2
1.418083333E1	1.175982732E3	3.460323604E2
1.419751667E1	1.118073842E3	3.303335535E2
1.421420000E1	1.059151337E3	3.205109009E2
1.423088333E1	9.976540981E2	3.161033385E2
1.424756667E1	9.363043852E2	3.170460404E2
1.426425000E1	8.768599443E2	3.235406663E2
1.428093333E1	8.188572243E2	3.347946194E2
1.429761667E1	7.640347060E2	3.497477182E2
1.431430000E1	7.132416644E2	3.686372383E2
1.433098333E1	6.671379027E2	3.905696243E2
1.434766667E1	6.267854358E2	4.129487905E2
1.436435000E1	5.909103506E2	4.357417342E2
1.438103333E1	5.607390836E2	4.581239651E2
1.439771667E1	5.348301907E2	4.787965783E2
1.441440000E1	5.147711103E2	4.968888174E2
1.443108333E1	4.992805875E2	5.119409453E2
1.444776667E1	4.887229196E2	5.230218646E2
1.446445000E1	4.810970319E2	5.307089429E2
1.448113333E1	4.790294316E2	5.333426017E2
1.449781667E1	4.808541353E2	5.310333685E2
1.451450000E1	4.868540462E2	5.249680299E2
1.453118333E1	4.969550069E2	5.147385385E2
1.454786667E1	5.108946871E2	5.007767008E2
1.456455000E1	5.308757582E2	4.828116579E2
1.458123333E1	5.556554292E2	4.617791755E2
1.459791667E1	5.865440866E2	4.391571002E2
1.461460000E1	6.220029268E2	4.161102609E2
1.463128333E1	6.627122677E2	3.928827265E2
1.464796667E1	7.072738803E2	3.709547247E2
1.466465000E1	7.582383657E2	3.518040622E2
1.468133333E1	8.125460896E2	3.358562405E2
1.469801667E1	8.691760751E2	3.244394507E2
1.471470000E1	9.270679900E2	3.173290258E2
1.473138333E1	9.854093268E2	3.148727712E2
1.474806667E1	1.044514863E3	3.188698107E2
1.476475000E1	1.100685475E3	3.268095341E2
1.478143333E1	1.153361314E3	3.388597900E2
1.479811667E1	1.203182103E3	3.549021272E2
1.481480000E1	1.248643219E3	3.727332227E2
1.483148333E1	1.288846160E3	3.926198348E2
1.484816667E1	1.324592419E3	4.126498367E2
1.486485000E1	1.355063077E3	4.313835081E2
1.488153333E1	1.380800716E3	4.491797897E2
1.489821667E1	1.401199236E3	4.651188174E2
1.491490000E1	1.416994197E3	4.787237439E2
1.493158333E1	1.427559607E3	4.874592694E2
1.494826667E1	1.434599256E3	4.936674797E2
1.496495000E1	1.436715251E3	4.953741025E2
1.498163333E1	1.434135804E3	4.934660244E2
1.499831667E1	1.427193775E3	4.869798608E2
1.501500000E1	1.416128664E3	4.773115895E2
1.503168333E1	1.399814880E3	4.640010803E2
1.504836667E1	1.378629944E3	4.476592835E2
1.506505000E1	1.352709200E3	4.293391129E2
1.508173333E1	1.321014439E3	4.092518900E2
1.509841667E1	1.284159549E3	3.893345516E2
1.511510000E1	1.242841332E3	3.701778551E2
1.513178333E1	1.196952034E3	3.522340414E2
1.514846667E1	1.146898887E3	3.369798109E2
1.516515000E1	1.093221682E3	3.250734530E2
1.518183333E1	1.038347089E3	3.182035627E2
1.519851667E1	9.812580691E2	3.150533614E2
1.521520000E1	9.254113067E2	3.171469714E2
1.523188333E1	8.707987528E2	3.234895343E2
1.524856667E1	8.181838996E2	3.337867627E2
1.526525000E1	7.686137473E2	3.480998702E2
1.528193333E1	7.225663707E2	3.647349692E2
1.529861667E1	6.802058502E2	3.834381110E2
1.531530000E1	6.426974692E2	4.027347963E2
1.533198333E1	6.106092851E2	4.226237860E2
1.534866667E1	5.833861620E2	4.409760392E2
1.536535000E1	5.606083429E2	4.575715097E2
1.538203333E1	5.420788955E2	4.729228592E2
1.539871667E1	5.284760047E2	4.849780117E2
1.541540000E1	5.190398264E2	4.933248678E2
1.543208333E1	5.131070436E2	4.986840351E2
1.544876667E1	5.127222926E2	4.989918220E2
1.546545000E1	5.150007223E2	4.967921215E2
1.548213333E1	5.228587910E2	4.891300210E2
1.549881667E1	5.347970291E2	4.790008097E2
1.551550000E1	5.511763241E2	4.653438375E2
1.553218333E1	5.725633921E2	4.489053264E2
1.554886667E1	5.983032909E2	4.309519403E2
1.556555000E1	6.285954566E2	4.110322767E2
1.558223333E1	6.632925405E2	3.911563937E2
1.559891667E1	7.033586885E2	3.718355716E2
1.561560000E1	7.473041553E2	3.547392638E2
1.563228333E1	7.960850872E2	3.391597300E2
1.564896667E1	8.467774875E2	3.271856126E2
1.566565000E1	8.991430854E2	3.190673482E2
1.568233333E1	9.529581192E2	3.150207387E2
1.569901667E1	1.006288704E3	3.153756673E2
1.571570000E1	1.058898474E3	3.196012506E2
1.573238333E1	1.109478502E3	3.277944092E2
1.574906667E1	1.158650338E3	3.400357745E2
1.576575000E1	1.202601320E3	3.536603070E2
1.578243333E1	1.242925078E3	3.692216916E2
1.579911667E1	1.278651770E3	3.858693386E2
1.581580000E1	1.310764290E3	4.028654496E2
1.583248333E1	1.336967607E3	4.186079595E2
1.584916667E1	1.358947504E3	4.333560486E2
1.586585000E1	1.376630529E3	4.454551827E2
1.588253333E1	1.389308066E3	4.549378793E2
1.589921667E1	1.398602773E3	4.616170582E2
1.591590000E1	1.402747001E3	4.650248494E2
1.593258333E1	1.402739102E3	4.649017701E2
1.594926667E1	1.397301023E3	4.606315392E2
1.596595000E1	1.388564604E3	4.539299151E2
1.598263333E1	1.375019668E3	4.440668354E2
1.599931667E1	1.356764555E3	4.312121804E2
1.601600000E1	1.333218351E3	4.159117480E2
1.603268333E1	1.304951344E3	3.993624538E2
1.604936667E1	1.272939034E3	3.828531216E2
1.606605000E1	1.235947734E3	3.662709945E2
1.608273333E1	1.195046628E3	3.511193107E2
1.609941667E1	1.150237600E3	3.370203565E2
1.611610000E1	1.101911672E3	3.264774584E2
1.613278333E1	1.052386024E3	3.190338369E2
1.614946667E1	1.000784452E3	3.157201536E2
1.616615000E1	9.493615316E2	3.158456909E2
1.618283333E1	8.986511790E2	3.199780436E2
1.619951667E1	8.494745785E2	3.275888454E2
1.621620000E1	8.017489357E2	3.383996344E2
1.623288333E1	7.578825101E2	3.520108454E2
1.624956667E1	7.171264006E2	3.663406057E2
1.626625000E1	6.808958552E2	3.830139162E2
1.628293333E1	6.488264139E2	3.998227052E2
1.629961667E1	6.212198974E2	4.158902094E2
1.631630000E1	5.977138671E2	4.315442633E2
1.633298333E1	5.789857861E2	4.444718327E2
1.634966667E1	5.638847247E2	4.556932923E2
1.636635000E1	5.533547256E2	4.639554544E2
1.638303333E1	5.469250211E2	4.689698935E2
1.639971667E1	5.448246984E2	4.707896720E2
1.641640000E1	5.467638345E2	4.689934592E2
1.643308333E1	5.529125643E2	4.640882429E2
1.644976667E1	5.629888675E2	4.560140576E2
1.646645000E1	5.784088776E2	4.449791510E2
1.648313333E1	5.971874111E2	4.316744352E2
1.649981667E1	6.205203560E2	4.165175028E2
1.651650000E1	6.479120064E2	4.002072788E2
1.653318333E1	6.802356071E2	3.838187508E2
1.654986667E1	7.165918599E2	3.674625659E2
1.656655000E1	7.566938557E2	3.517224398E2
1.658323333E1	8.005273305E2	3.382923596E2
1.659991667E1	8.467973063E2	3.277345599E2
1.661660000E1	8.947734656E2	3.198689280E2
1.663328333E1	9.433704964E2	3.155775536E2
1.664996667E1	9.928716610E2	3.153671318E2
1.666665000E1	1.041273162E3	3.177114218E2
1.668333333E1	1.088538731E3	3.243502696E2
1.670001667E1	1.133209814E3	3.337804650E2
1.671670000E1	1.174952531E3	3.446793097E2
1.673338333E1	1.213255828E3	3.578041335E2
1.675006667E1	1.247676802E3	3.719574815E2
1.676675000E1	1.277881064E3	3.858225394E2
1.678343333E1	1.303937315E3	4.000236990E2
1.680011667E1	1.325876599E3	4.120428710E2
1.681680000E1	1.343145264E3	4.226530683E2
1.683348333E1	1.355970730E3	4.314396361E2
1.685016667E1	1.364745487E3	4.372712389E2
1.686685000E1	1.369296691E3	4.403855492E2
1.688353333E1	1.369575851E3	4.404933788E2
1.690021667E1	1.365499315E3	4.376706770E2
1.691690000E1	1.356915170E3	4.319934454E2
1.693358333E1	1.344593824E3	4.240527611E2
1.695026667E1	1.327370993E3	4.128686850E2
1.696695000E1	1.306639821E3	4.009048297E2
1.698363333E1	1.280675535E3	3.868478514E2
1.700031667E1	1.250953710E3	3.727020596E2
1.701700000E1	1.216871349E3	3.590213492E2
1.703368333E1	1.178940320E3	3.454264977E2
1.705036667E1	1.138196399E3	3.339512353E2
1.706705000E1	1.094575101E3	3.250192003E2
1.708373333E1	1.049021825E3	3.185588848E2
1.710041667E1	1.001141719E3	3.153255285E2
1.711710000E1	9.548630089E2	3.154186978E2
1.713378333E1	9.076621236E2	3.188476726E2
1.715046667E1	8.621645990E2	3.255517712E2
1.716715000E1	8.189697479E2	3.348142459E2
1.718383333E1	7.779797398E2	3.455601261E2
1.720051667E1	7.409192578E2	3.587331718E2
1.721720000E1	7.061093428E2	3.725482870E2
1.723388333E1	6.759842317E2	3.868316714E2
1.725056667E1	6.496183348E2	4.007024477E2
1.726725000E1	6.275906795E2	4.131700711E2
1.728393333E1	6.096648496E2	4.249311529E2
1.730061667E1	5.957781340E2	4.338627470E2
1.731730000E1	5.858007408E2	4.410439695E2
1.733398333E1	5.797659534E2	4.456699148E2
1.735066667E1	5.778384270E2	4.469864469E2
1.736735000E1	5.797664562E2	4.456356302E2
1.738403333E1	5.858103284E2	4.415597519E2
1.740071667E1	5.958885548E2	4.343690274E2
1.741740000E1	6.099128400E2	4.247793902E2
1.743408333E1	6.278933532E2	4.136390233E2
1.745076667E1	6.500250081E2	4.006917687E2
1.746745000E1	6.763039262E2	3.870190805E2
1.748413333E1	7.061902525E2	3.728780010E2
1.750081667E1	7.401945230E2	3.588897350E2
1.751750000E1	7.778401840E2	3.462560939E2
1.753418333E1	8.177675695E2	3.349774063E2
1.755086667E1	8.599685352E2	3.259907028E2
1.756755000E1	9.040466547E2	3.195602380E2
1.758423333E1	9.495896997E2	3.160152227E2
1.760091667E1	9.943434211E2	3.155928982E2
1.761760000E1	1.038260072E3	3.180450046E2
1.763428333E1	1.081294726E3	3.233347839E2
1.765096667E1	1.122431365E3	3.312777440E2
1.766765000E1	1.160703928E3	3.408251990E2
1.768433333E1	1.195811495E3	3.518438551E2
1.770101667E1	1.227981453E3	3.636808404E2
1.771770000E1	1.255766144E3	3.755103330E2
1.773438333E1	1.279851536E3	3.869240552E2
1.775106667E1	1.299967454E3	3.976013152E2
1.776775000E1	1.315899397E3	4.064969889E2
1.778443333E1	1.327914652E3	4.136946302E2
1.780111667E1	1.335925208E3	4.181505197E2
1.781780000E1	1.339789873E3	4.204224360E2
1.783448333E1	1.339593615E3	4.201139595E2
1.785116667E1	1.334950231E3	4.175029526E2
1.786785000E1	1.326160355E3	4.121342642E2
1.788453333E1	1.313742158E3	4.053760631E2
1.790121667E1	1.297267785E3	3.957025265E2
1.791790000E1	1.276621009E3	3.854445390E2
1.793458333E1	1.251889420E3	3.738632747E2
1.795126667E1	1.223507366E3	3.619444427E2
1.796795000E1	1.190827601E3	3.497994887E2
1.798463333E1	1.155953000E3	3.395266274E2
1.800131667E1	1.117515058E3	3.301023077E2
1.801800000E1	1.077203442E3	3.226822471E2
1.803468333E1	1.034862368E3	3.178862395E2
1.805136667E1	9.913934996E2	3.159073554E2
1.806805000E1	9.483476406E2	3.162700175E2
1.808473333E1	9.057849652E2	3.200406217E2
1.810141667E1	8.641974292E2	3.257266461E2
1.811810000E1	8.247244495E2	3.338737965E2
1.813478333E1	7.877024637E2	3.438313518E2
1.815146667E1	7.536272008E2	3.543034356E2
1.816815000E1	7.221335334E2	3.661631008E2
1.818483333E1	6.940548850E2	3.780045052E2
1.820151667E1	6.702095081E2	3.898511802E2
1.821820000E1	6.499889519E2	4.002347860E2
1.823488333E1	6.337474828E2	4.098820218E2
1.825156667E1	6.207532328E2	4.176213327E2
1.826825000E1	6.124456524E2	4.224576101E2
1.828493333E1	6.075094624E2	4.259281159E2
1.830161667E1	6.066467956E2	4.263197400E2
1.831830000E1	6.094115589E2	4.244293787E2
1.833498333E1	6.159832609E2	4.200775598E2
1.835166667E1	6.264923534E2	4.139117023E2
1.836835000E1	6.405408331E2	4.058077496E2
1.838503333E1	6.585431752E2	3.957980418E2
1.840171667E1	6.806124911E2	3.841824207E2
1.841840000E1	7.066157442E2	3.722504545E2
1.843508333E1	7.349835287E2	3.602177956E2
1.845176667E1	7.669119666E2	3.494467504E2
1.846845000E1	8.026754463E2	3.383268634E2
1.848513333E1	8.400396347E2	3.298721674E2
1.850181667E1	8.789713090E2	3.222813021E2
1.851850000E1	9.192495790E2	3.176157137E2
1.853518333E1	9.601880483E2	3.150801137E2
1.855186667E1	1.001923671E3	3.158283212E2
1.856855000E1	1.041767955E3	3.182076912E2
1.858523333E1	1.081055361E3	3.235240664E2
1.860191667E1	1.118134406E3	3.302352844E2
1.861860000E1	1.152488756E3	3.381376493E2
1.863528333E1	1.184492244E3	3.479058055E2
1.865196667E1	1.213087800E3	3.577076805E2
1.866865000E1	1.237843512E3	3.676983401E2
1.868533333E1	1.259673322E3	3.776763364E2
1.870201667E1	1.277629230E3	3.860575716E2
1.871870000E1	1.291233198E3	3.923637819E2
1.873538333E1	1.301624295E3	3.981143606E2
1.875206667E1	1.307627487E3	4.015780126E2
1.876875000E1	1.309824159E3	4.023846488E2
1.878543333E1	1.307979951E3	4.019984581E2
1.880211667E1	1.302262704E3	3.981925712E2
1.881880000E1	1.293552168E3	3.938701490E2
1.883548333E1	1.280012438E3	3.863586006E2
1.885216667E1	1.263306059E3	3.782842703E2
1.886885000E1	1.242853197E3	3.696862358E2
1.888553333E1	1.218576407E3	3.599249337E2
1.890221667E1	1.190798332E3	3.497366003E2
1.891890000E1	1.160357017E3	3.401595913E2
1.893558333E1	1.126848762E3	3.320520921E2
1.895226667E1	1.089634818E3	3.243516349E2
1.896895000E1	1.053156564E3	3.197824585E2
1.898563333E1	1.013955013E3	3.160817102E2
1.900231667E1	9.748899276E2	3.155240606E2
1.901900000E1	9.356082963E2	3.168812065E2
1.903568333E1	8.967698843E2	3.204781429E2
1.905236667E1	8.594633140E2	3.259764427E2
1.906905000E1	8.239807116E2	3.338003579E2
1.908573333E1	7.911368644E2	3.422801185E2
1.910241667E1	7.597514084E2	3.519164232E2
1.911910000E1	7.328167166E2	3.620304253E2
1.913578333E1	7.083058768E2	3.719899139E2
1.915246667E1	6.872760421E2	3.817414489E2
1.916915000E1	6.695365081E2	3.901580921E2
1.918583333E1	6.560137490E2	3.977541636E2
1.920251667E1	6.455307366E2	4.037367470E2
1.921920000E1	6.384203840E2	4.078258655E2
1.923588333E1	6.359194682E2	4.084063288E2
1.925256667E1	6.364010576E2	4.082273717E2
1.926925000E1	6.403900804E2	4.060186530E2
1.928593333E1	6.480068313E2	4.017027712E2
1.930261667E1	6.598868791E2	3.956300599E2
1.931930000E1	6.743891573E2	3.878845492E2
1.933598333E1	6.929387562E2	3.782191835E2
1.935266667E1	7.150085537E2	3.688151633E2
1.936935000E1	7.399563664E2	3.589152752E2
1.938603333E1	7.682459093E2	3.488003556E2
1.940271667E1	7.996254307E2	3.396145106E2
1.941940000E1	8.323711269E2	3.316138013E2
1.943608333E1	8.677737090E2	3.242797111E2
1.945276667E1	9.041244732E2	3.193282296E2
1.946945000E1	9.413434729E2	3.157412230E2
1.948613333E1	9.789971747E2	3.149521369E2
1.950281667E1	1.016229918E3	3.157985278E2
1.951950000E1	1.053108904E3	3.191422048E2
1.953618333E1	1.088049190E3	3.242760342E2
1.955286667E1	1.121213789E3	3.298758280E2
1.956955000E1	1.151399928E3	3.370297349E2
1.958623333E1	1.179158153E3	3.450620485E2
1.960291667E1	1.203301336E3	3.530210716E2
1.961960000E1	1.224773748E3	3.612983057E2
1.963628333E1	1.243011684E3	3.684044215E2
1.965296667E1	1.258793881E3	3.757571206E2
1.966965000E1	1.269021780E3	3.804633166E2
1.968633333E1	1.276880025E3	3.842047825E2
1.970301667E1	1.281043703E3	3.860712875E2
1.971970000E1	1.280974750E3	3.861112333E2
1.973638333E1	1.277255347E3	3.840596762E2
1.975306667E1	1.270921544E3	3.817584550E2
1.976975000E1	1.259911321E3	3.761481102E2
1.978643333E1	1.246022168E3	3.700595286E2
1.980311667E1	1.229034117E3	3.629603828E2
1.981980000E1	1.208302948E3	3.549867961E2
1.983648333E1	1.184595020E3	3.471239694E2
1.985316667E1	1.157153691E3	3.388687563E2
1.986985000E1	1.127097326E3	3.312471814E2
1.988653333E1	1.095577711E3	3.252605446E2
1.990321667E1	1.061740431E3	3.199342651E2
1.991990000E1	1.026972950E3	3.168020278E2
1.993658333E1	9.909101750E2	3.153865613E2
1.995326667E1	9.546107858E2	3.153856739E2
1.996995000E1	9.193373186E2	3.178342094E2
1.998663333E1	8.851202788E2	3.220836234E2
2.000331667E1	8.512601722E2	3.276810289E2
2.002000000E1	8.192838211E2	3.343621740E2
2.003668333E1	7.899250430E2	3.419275871E2
2.005336667E1	7.632064819E2	3.502095432E2
2.007005000E1	7.393925968E2	3.584071359E2
2.008673333E1	7.181452289E2	3.668221872E2
2.010341667E1	7.008053007E2	3.744963768E2
2.012010000E1	6.864210756E2	3.814205111E2
2.013678333E1	6.747499965E2	3.865574081E2
2.015346667E1	6.670155542E2	3.909036513E2
2.017015000E1	6.629146507E2	3.929634520E2
2.018683333E1	6.624739085E2	3.933287872E2
2.020351667E1	6.644818118E2	3.921228792E2
2.022020000E1	6.706218639E2	3.888715094E2
2.023688333E1	6.799659958E2	3.841341925E2
2.025356667E1	6.924660566E2	3.781314837E2
2.027025000E1	7.082216624E2	3.709256121E2
2.028693333E1	7.270706180E2	3.629764658E2
2.030361667E1	7.489662262E2	3.548626290E2
2.032030000E1	7.738329401E2	3.465906576E2
2.033698333E1	8.012662441E2	3.386714002E2
2.035366667E1	8.304546103E2	3.310775007E2
2.037035000E1	8.621805522E2	3.249172632E2
2.038703333E1	8.945611710E2	3.198392580E2
2.040371667E1	9.285151039E2	3.167682255E2
2.042040000E1	9.621795902E2	3.148495722E2
2.043708333E1	9.965416042E2	3.149997175E2
2.045376667E1	1.030514089E3	3.171786925E2
2.047045000E1	1.062919960E3	3.206765647E2
2.048713333E1	1.093794110E3	3.251819653E2
2.050381667E1	1.122689242E3	3.310455010E2
2.052050000E1	1.149061329E3	3.370326217E2
2.053718333E1	1.172172023E3	3.432106735E2
2.055386667E1	1.192743239E3	3.493672097E2
2.057055000E1	1.210574471E3	3.553810597E2
2.058723333E1	1.225387259E3	3.609743865E2
2.060391667E1	1.238009230E3	3.669235841E2
2.062060000E1	1.245085767E3	3.691059716E2
2.063728333E1	1.249441586E3	3.710241062E2
2.065396667E1	1.250868749E3	3.712865465E2
2.067065000E1	1.249271439E3	3.709254119E2
2.068733333E1	1.244445057E3	3.689469500E2
2.070401667E1	1.235311518E3	3.650312014E2
2.072070000E1	1.224440727E3	3.608573607E2
2.073738333E1	1.208987674E3	3.550855200E2
2.075406667E1	1.191172506E3	3.489879989E2
2.077075000E1	1.170940885E3	3.429259344E2
2.078743333E1	1.147172112E3	3.367377623E2
2.080411667E1	1.120683484E3	3.303561797E2
2.082080000E1	1.092870012E3	3.248841907E2
2.083748333E1	1.062810208E3	3.207462762E2
2.085416667E1	1.030935914E3	3.171154037E2
2.087085000E1	9.988863894E2	3.153867929E2
2.088753333E1	9.665100297E2	3.152791424E2
2.090421667E1	9.345103759E2	3.167412792E2
2.092090000E1	9.026228690E2	3.194185136E2
2.093758333E1	8.719120734E2	3.239844268E2
2.095426667E1	8.426240637E2	3.290599338E2
2.097095000E1	8.151201579E2	3.352023135E2
2.098763333E1	7.898827976E2	3.422224205E2
2.100431667E1	7.669195266E2	3.490194409E2
2.102100000E1	7.470759441E2	3.559550084E2
2.103768333E1	7.297912612E2	3.620951718E2
2.105436667E1	7.153157712E2	3.680043323E2
2.107105000E1	7.041481891E2	3.730115515E2
2.108773333E1	6.961084234E2	3.767517363E2
2.110441667E1	6.909117608E2	3.790706758E2
2.112110000E1	6.890463385E2	3.799214390E2
2.113778333E1	6.906750084E2	3.790503306E2
2.115446667E1	6.951243695E2	3.770352209E2
2.117115000E1	7.031483877E2	3.732575871E2
2.118783333E1	7.139151711E2	3.687047506E2
2.120451667E1	7.278189624E2	3.630314889E2
2.122120000E1	7.442286060E2	3.568547621E2
2.123788333E1	7.636441341E2	3.499971583E2
2.125456667E1	7.857700533E2	3.431988413E2
2.127125000E1	8.098525328E2	3.367394731E2
2.128793333E1	8.362876876E2	3.302499921E2
2.130461667E1	8.641442988E2	3.247684488E2
2.132130000E1	8.938668290E2	3.198217823E2
2.133798333E1	9.240651171E2	3.166964158E2
2.135466667E1	9.547757695E2	3.149177814E2
2.137135000E1	9.863579783E2	3.145031647E2
2.138803333E1	1.015955971E3	3.152545999E2
2.140471667E1	1.046182843E3	3.178140044E2
2.142140000E1	1.074285598E3	3.211425726E2
2.143808333E1	1.100389603E3	3.251162513E2
2.145476667E1	1.125787933E3	3.304735314E2
2.147145000E1	1.148163625E3	3.357248734E2
2.148813333E1	1.167976905E3	3.412549272E2
2.150481667E1	1.185989070E3	3.469008260E2
2.152150000E1	1.199878697E3	3.512647656E2
2.153818333E1	1.211959654E3	3.556328224E2
2.155486667E1	1.220141257E3	3.589414384E2
2.157155000E1	1.225704686E3	3.610920746E2
2.158823333E1	1.227958710E3	3.617145596E2
2.160491667E1	1.226131755E3	3.611188411E2
2.162160000E1	1.222125070E3	3.592953871E2
2.163828333E1	1.215215955E3	3.569331725E2
2.165496667E1	1.204408033E3	3.529406499E2
2.167165000E1	1.191836444E3	3.489493959E2
2.168833333E1	1.176032624E3	3.437568426E2
2.170501667E1	1.157802292E3	3.389059582E2
2.172170000E1	1.136044396E3	3.331657263E2
2.173838333E1	1.112729607E3	3.282987404E2
2.175506667E1	1.086906162E3	3.232956822E2
2.177175000E1	1.059899632E3	3.192995679E2
2.178843333E1	1.031988611E3	3.167673007E2
2.180511667E1	1.002262943E3	3.149029103E2
2.182180000E1	9.728319314E2	3.149148880E2
2.183848333E1	9.436155317E2	3.161709919E2
2.185516667E1	9.141307004E2	3.179817797E2
2.187185000E1	8.862588849E2	3.215718414E2
2.188853333E1	8.593873666E2	3.260506134E2
2.190521667E1	8.330583146E2	3.305353931E2
2.192190000E1	8.100489169E2	3.362820129E2
2.193858333E1	7.883448466E2	3.420220970E2
2.195526667E1	7.695663697E2	3.479939098E2
2.197195000E1	7.526715924E2	3.537335851E2
2.198863333E1	7.391210273E2	3.589209419E2
2.200531667E1	7.281817148E2	3.635905197E2
2.202200000E1	7.197936511E2	3.667778428E2
2.203868333E1	7.147014922E2	3.688302640E2
2.205536667E1	7.126249265E2	3.697490556E2
2.207205000E1	7.134228218E2	3.696249698E2
2.208873333E1	7.170567030E2	3.679098901E2
2.210541667E1	7.237879664E2	3.650170667E2
2.212210000E1	7.332855820E2	3.615245434E2
2.213878333E1	7.453954131E2	3.568778612E2
2.215546667E1	7.605933722E2	3.517885054E2
2.217215000E1	7.775936709E2	3.460386498E2
2.218883333E1	7.975516637E2	3.400400134E2
2.220551667E1	8.192349304E2	3.342038854E2
2.222220000E1	8.429882177E2	3.288564019E2
2.223888333E1	8.687988549E2	3.241943273E2
2.225556667E1	8.954572905E2	3.202731372E2
2.227225000E1	9.228730280E2	3.171442083E2
2.228893333E1	9.507522938E2	3.156616971E2
2.230561667E1	9.791019960E2	3.148573974E2
2.232230000E1	1.006855989E3	3.154732855E2
2.233898333E1	1.034735597E3	3.170379638E2
2.235566667E1	1.060865486E3	3.196386436E2
2.237235000E1	1.085101221E3	3.232019383E2
2.238903333E1	1.108640968E3	3.271994016E2
2.240571667E1	1.129109026E3	3.311543135E2
2.242240000E1	1.147161952E3	3.352150278E2
2.243908333E1	1.163049791E3	3.393578176E2
2.245576667E1	1.176793203E3	3.433949174E2
2.247245000E1	1.188179410E3	3.469638844E2
2.248913333E1	1.195389446E3	3.491024795E2
2.250581667E1	1.201014453E3	3.511164588E2
2.252250000E1	1.202898834E3	3.514324222E2
2.253918333E1	1.202324899E3	3.512001869E2
2.255586667E1	1.199323025E3	3.509211243E2
2.257255000E1	1.193102091E3	3.488720765E2
2.258923333E1	1.183242313E3	3.451721686E2
2.260591667E1	1.172978661E3	3.427899443E2
2.262260000E1	1.158837620E3	3.389568315E2
2.263928333E1	1.142195929E3	3.347068287E2
2.265596667E1	1.122932709E3	3.301778341E2
2.267265000E1	1.102386497E3	3.259076646E2
2.268933333E1	1.078926218E3	3.221915118E2
2.270601667E1	1.055114049E3	3.188219424E2
2.272270000E1	1.029257626E3	3.163081696E2
2.273938333E1	1.003040311E3	3.150421750E2
2.275606667E1	9.767895005E2	3.148434246E2
2.277275000E1	9.500289267E2	3.156444673E2
2.278943333E1	9.232708773E2	3.171449880E2
2.280611667E1	8.977082014E2	3.196256905E2
2.282280000E1	8.735025191E2	3.235606020E2
2.283948333E1	8.502177067E2	3.278723567E2
2.285616667E1	8.282696335E2	3.322859688E2
2.287285000E1	8.084479328E2	3.371339696E2
2.288953333E1	7.902886859E2	3.419893635E2
2.290621667E1	7.755049112E2	3.462738985E2
2.292290000E1	7.623881648E2	3.507590987E2
2.293958333E1	7.519150178E2	3.542710968E2
2.295626667E1	7.439692944E2	3.572208263E2
2.297295000E1	7.390521007E2	3.589970779E2
2.298963333E1	7.369759981E2	3.598477836E2
2.300631667E1	7.376143239E2	3.597975517E2
2.302300000E1	7.406560193E2	3.587021799E2
2.303968333E1	7.465568655E2	3.564587848E2
2.305636667E1	7.550501662E2	3.531362802E2
2.307305000E1	7.661562636E2	3.494578835E2
2.308973333E1	7.790571783E2	3.450436790E2
2.310641667E1	7.950040167E2	3.406269893E2
2.312310000E1	8.122784646E2	3.356117095E2
2.313978333E1	8.322429982E2	3.312028967E2
2.315646667E1	8.538388681E2	3.267342122E2
2.317315000E1	8.762938618E2	3.228240751E2
2.318983333E1	9.000447733E2	3.192054498E2
2.320651667E1	9.249384357E2	3.168743976E2
2.322320000E1	9.499429056E2	3.150153587E2
2.323988333E1	9.757548803E2	3.146911076E2
2.325656667E1	1.000693000E3	3.149864628E2
2.327325000E1	1.024961472E3	3.161941760E2
2.328993333E1	1.048745181E3	3.182240990E2
2.330661667E1	1.071501307E3	3.212040804E2
2.332330000E1	1.092308822E3	3.239511137E2
2.333998333E1	1.111152743E3	3.271690697E2
2.335666667E1	1.128280119E3	3.311159978E2
2.337335000E1	1.143743560E3	3.347669197E2
2.339003333E1	1.155970126E3	3.379739001E2
2.340671667E1	1.166146796E3	3.407652075E2
2.342340000E1	1.173714313E3	3.431625814E2
2.344008333E1	1.178100211E3	3.441849459E2
2.345676667E1	1.180790494E3	3.450577251E2
2.347345000E1	1.180119473E3	3.448839884E2
2.349013333E1	1.177237386E3	3.440098131E2
2.350681667E1	1.171677555E3	3.423547545E2
2.352350000E1	1.163692518E3	3.402215112E2
2.354018333E1	1.152923460E3	3.373289529E2
2.355686667E1	1.140222572E3	3.340137485E2
2.357355000E1	1.124514257E3	3.304842763E2
2.359023333E1	1.107987070E3	3.268164552E2
2.360691667E1	1.089208009E3	3.235251588E2
2.362360000E1	1.068095957E3	3.202314631E2
2.364028333E1	1.046420468E3	3.179607441E2
2.365696667E1	1.023926153E3	3.160959817E2
2.367365000E1	1.000494242E3	3.150237492E2
2.369033333E1	9.764984374E2	3.149531631E2
2.370701667E1	9.522952053E2	3.157397044E2
2.372370000E1	9.288063373E2	3.174285193E2
2.374038333E1	9.058617194E2	3.196272794E2
2.375706667E1	8.832990083E2	3.224325422E2
2.377375000E1	8.627419894E2	3.258500912E2
2.379043333E1	8.430411560E2	3.297403738E2
2.380711667E1	8.250956424E2	3.335680519E2
2.382380000E1	8.092709957E2	3.378221982E2
2.384048333E1	7.951364186E2	3.416823855E2
2.385716667E1	7.832753706E2	3.446608460E2
2.387385000E1	7.741032421E2	3.479104022E2
2.389053333E1	7.665871980E2	3.500321698E2
2.390721667E1	7.626432309E2	3.516566960E2
2.392390000E1	7.606214254E2	3.521483746E2
2.394058333E1	7.611412290E2	3.519456910E2
2.395726667E1	7.638902137E2	3.508358047E2
2.397395000E1	7.693110109E2	3.490009271E2
2.399063333E1	7.771859203E2	3.467607112E2
2.400731667E1	7.870641593E2	3.436046880E2
2.402400000E1	7.990700087E2	3.400956383E2
2.404068333E1	8.129130957E2	3.363363948E2
2.405736667E1	8.291887903E2	3.323459868E2
2.407405000E1	8.469912397E2	3.285872720E2
2.409073333E1	8.654591406E2	3.249272271E2
2.410741667E1	8.853747504E2	3.212926446E2
2.412410000E1	9.073717148E2	3.187182884E2
2.414078333E1	9.293032796E2	3.168831530E2
2.415746667E1	9.513546370E2	3.150985223E2
2.417415000E1	9.745623620E2	3.148888581E2
2.419083333E1	9.969116297E2	3.149387146E2
2.420751667E1	1.018909635E3	3.163210023E2
2.422420000E1	1.039312244E3	3.170896734E2
2.424088333E1	1.059188589E3	3.192027127E2
2.425756667E1	1.078776660E3	3.222685266E2
2.427425000E1	1.095038954E3	3.243535309E2
2.429093333E1	1.110735179E3	3.274749571E2
2.430761667E1	1.123707886E3	3.301842524E2
2.432430000E1	1.134735433E3	3.324025318E2
2.434098333E1	1.143332032E3	3.341593588E2
2.435766667E1	1.150558791E3	3.362065808E2
2.437435000E1	1.154929659E3	3.372754346E2
2.439103333E1	1.156948681E3	3.380428492E2
2.440771667E1	1.156910863E3	3.378673250E2
2.442440000E1	1.153311911E3	3.369370307E2
2.444108333E1	1.148680642E3	3.360579454E2
2.445776667E1	1.141016343E3	3.340249808E2
2.447445000E1	1.131368304E3	3.318593789E2
2.449113333E1	1.119433311E3	3.285337987E2
2.450781667E1	1.106856402E3	3.268019938E2
2.452450000E1	1.090948372E3	3.239257814E2
2.454118333E1	1.073472783E3	3.207610637E2
2.455786667E1	1.055299293E3	3.186542769E2
2.457455000E1	1.035098564E3	3.163360802E2
2.459123333E1	1.014985538E3	3.152428420E2
2.460791667E1	9.949394175E2	3.148373977E2
2.462460000E1	9.733090419E2	3.148255382E2
2.464128333E1	9.526703464E2	3.155997575E2
2.465796667E1	9.313923855E2	3.165853825E2
2.467465000E1	9.111302113E2	3.188963015E2
2.469133333E1	8.912169099E2	3.211239739E2
2.470801667E1	8.725840057E2	3.235368575E2
2.472470000E1	8.551248525E2	3.268713541E2
2.474138333E1	8.393999574E2	3.297805555E2
2.475806667E1	8.250124144E2	3.329001199E2
2.477475000E1	8.126454440E2	3.362033607E2
2.479143333E1	8.030146922E2	3.388427867E2
2.480811667E1	7.944400822E2	3.410132615E2
2.482480000E1	7.882434454E2	3.429133621E2
2.484148333E1	7.841616192E2	3.439148698E2
2.485816667E1	7.827679116E2	3.445892816E2
2.487485000E1	7.834348066E2	3.445393214E2
2.489153333E1	7.864215611E2	3.435415801E2
2.490821667E1	7.913989730E2	3.421478283E2
2.492490000E1	7.984144151E2	3.400814179E2
2.494158333E1	8.076452903E2	3.377895618E2
2.495826667E1	8.192430328E2	3.348086817E2
2.497495000E1	8.318023424E2	3.318962337E2
2.499163333E1	8.459684057E2	3.283986356E2
2.500831667E1	8.622106457E2	3.257963165E2
2.502500000E1	8.792795997E2	3.226947990E2
2.504168333E1	8.970975617E2	3.198361500E2
2.505836667E1	9.163307924E2	3.179251596E2
2.507505000E1	9.354854460E2	3.159822119E2
2.509173333E1	9.551763564E2	3.149953017E2
2.510841667E1	9.749977871E2	3.142255249E2
2.512510000E1	9.948005563E2	3.143343397E2
2.514178333E1	1.014662565E3	3.158031251E2
2.515846667E1	1.032642273E3	3.164893754E2
2.517515000E1	1.050371263E3	3.179241670E2
2.519183333E1	1.066648128E3	3.201829487E2
2.520851667E1	1.081250207E3	3.220353132E2
2.522520000E1	1.094907590E3	3.241768321E2
2.524188333E1	1.106706550E3	3.261536857E2
2.525856667E1	1.116531897E3	3.283260441E2
2.527525000E1	1.124745604E3	3.300794422E2
2.529193333E1	1.130616646E3	3.317857167E2
2.530861667E1	1.133412357E3	3.318702259E2
2.532530000E1	1.134843408E3	3.322722194E2
2.534198333E1	1.134149931E3	3.320916883E2
2.535866667E1	1.131225739E3	3.318962858E2
2.537535000E1	1.126053321E3	3.301322458E2
2.539203333E1	1.118969265E3	3.283227396E2
2.540871667E1	1.111127136E3	3.276131918E2
2.542540000E1	1.098999268E3	3.243396831E2
2.544208333E1	1.086885606E3	3.222741880E2
2.545876667E1	1.073402863E3	3.200631708E2
2.547545000E1	1.058090407E3	3.181247829E2
2.549213333E1	1.041352981E3	3.163156419E2
2.550881667E1	1.025078882E3	3.157950974E2
2.552550000E1	1.006705150E3	3.142468630E2
2.554218333E1	9.888505316E2	3.142067021E2
2.555886667E1	9.696608850E2	3.141813084E2
2.557555000E1	9.515725285E2	3.152070384E2
2.559223333E1	9.333162990E2	3.159554718E2
2.560891667E1	9.159435672E2	3.178529184E2
2.562560000E1	8.982575984E2	3.199166346E2
2.564228333E1	8.820658093E2	3.219832334E2
2.565896667E1	8.671540577E2	3.243842133E2
2.567565000E1	8.536610078E2	3.264543612E2
2.569233333E1	8.412149212E2	3.288394517E2
2.570901667E1	8.305887680E2	3.313490992E2
2.572570000E1	8.219813144E2	3.334851094E2
2.574238333E1	8.147643327E2	3.349165623E2
2.575906667E1	8.098988858E2	3.361807789E2
2.577575000E1	8.067670546E2	3.370607974E2
2.579243333E1	8.057141177E2	3.372024684E2
2.580911667E1	8.068399776E2	3.371143529E2
2.582580000E1	8.097676948E2	3.361949880E2
2.584248333E1	8.146662743E2	3.350443046E2
2.585916667E1	8.212372221E2	3.331514931E2
2.587585000E1	8.296202949E2	3.311645855E2
2.589253333E1	8.399510772E2	3.290777563E2
2.590921667E1	8.509935949E2	3.268435997E2
2.592590000E1	8.642715784E2	3.244332635E2
2.594258333E1	8.780349168E2	3.220894527E2
2.595926667E1	8.935908723E2	3.196636047E2
2.597595000E1	9.094975541E2	3.177629889E2
2.599263333E1	9.258244757E2	3.163597039E2
2.600931667E1	9.426314503E2	3.150709984E2
2.602600000E1	9.597405913E2	3.140869215E2
2.604268333E1	9.776148965E2	3.139399777E2
2.605936667E1	9.947885640E2	3.140215888E2
2.607605000E1	1.011079330E3	3.142956955E2
2.609273333E1	1.027981195E3	3.159445600E2
2.610941667E1	1.042904466E3	3.170368507E2
2.612610000E1	1.056540878E3	3.182619658E2
2.614278333E1	1.069699496E3	3.201458554E2
2.615946667E1	1.081412108E3	3.216688130E2
2.617615000E1	1.091258820E3	3.235881454E2
2.619283333E1	1.098910208E3	3.251709704E2
2.620951667E1	1.105364705E3	3.258355421E2
2.622620000E1	1.109753611E3	3.271410530E2
2.624288333E1	1.112219431E3	3.272390140E2
2.625956667E1	1.112669838E3	3.273226326E2
2.627625000E1	1.111945064E3	3.270867045E2
2.629293333E1	1.109216433E3	3.267788100E2
2.630961667E1	1.104228080E3	3.256950899E2
2.632630000E1	1.097917255E3	3.248727664E2
2.634298333E1	1.089031808E3	3.231724088E2
2.635966667E1	1.080110622E3	3.219044286E2
2.637635000E1	1.068457885E3	3.199578866E2
2.639303333E1	1.055918447E3	3.184963099E2
2.640971667E1	1.042877996E3	3.172430294E2
2.642640000E1	1.028637548E3	3.160316196E2
2.644308333E1	1.013133689E3	3.149515427E2
2.645976667E1	9.975085546E2	3.144157700E2
2.647645000E1	9.817321554E2	3.140696554E2
2.649313333E1	9.655766929E2	3.142323257E2
2.650981667E1	9.497875491E2	3.153236000E2
2.652650000E1	9.340698607E2	3.162076632E2
2.654318333E1	9.181796978E2	3.172917099E2
2.655986667E1	9.040095316E2	3.189906174E2
2.657655000E1	8.900291601E2	3.206988473E2
2.659323333E1	8.772859061E2	3.227355527E2
2.660991667E1	8.659234961E2	3.247408778E2
2.662660000E1	8.559728752E2	3.267051455E2
2.664328333E1	8.470818862E2	3.286244227E2
2.665996667E1	8.396195609E2	3.298349377E2
2.667665000E1	8.340121048E2	3.310997158E2
2.669333333E1	8.298559409E2	3.319255421E2
2.671001667E1	8.278485871E2	3.326439775E2
2.672670000E1	8.274982522E2	3.327595721E2
2.674338333E1	8.288253386E2	3.327190004E2
2.676006667E1	8.318825946E2	3.318205700E2
2.677675000E1	8.364164682E2	3.309219605E2
2.679343333E1	8.429186654E2	3.293853971E2
2.681011667E1	8.503839504E2	3.276192236E2
2.682680000E1	8.593502879E2	3.259589717E2
2.684348333E1	8.699393448E2	3.240557854E2
2.686016667E1	8.813290038E2	3.221901474E2
2.687685000E1	8.935471725E2	3.201362378E2
2.689353333E1	9.069212234E2	3.184816394E2
2.691021667E1	9.207521094E2	3.170401567E2
2.692690000E1	9.354294800E2	3.156538426E2
2.694358333E1	9.499408009E2	3.149606379E2
2.696026667E1	9.649787480E2	3.141587972E2
2.697695000E1	9.800045621E2	3.140593407E2
2.699363333E1	9.945138255E2	3.142448680E2
2.701031667E1	1.009027787E3	3.147012945E2
2.702700000E1	1.022991994E3	3.156840628E2
2.704368333E1	1.035088892E3	3.163388540E2
2.706036667E1	1.047951409E3	3.178890362E2
2.707705000E1	1.058477213E3	3.187074672E2
2.709373333E1	1.067590527E3	3.200718257E2
2.711041667E1	1.075319406E3	3.211062974E2
2.712710000E1	1.081952810E3	3.220199880E2
2.714378333E1	1.086113211E3	3.222056674E2
2.716046667E1	1.089984153E3	3.232497820E2
2.717715000E1	1.092170293E3	3.235850650E2
2.719383333E1	1.092066762E3	3.238076420E2
2.721051667E1	1.090075199E3	3.232489597E2
2.722720000E1	1.087609566E3	3.230514833E2
2.724388333E1	1.082228802E3	3.220739802E2
2.726056667E1	1.076273587E3	3.210129975E2
2.727725000E1	1.069085911E3	3.204095996E2
2.729393333E1	1.060213542E3	3.190892132E2
2.731061667E1	1.050285873E3	3.178372832E2
2.732730000E1	1.039485451E3	3.170150706E2
2.734398333E1	1.027720737E3	3.161220637E2
2.736066667E1	1.015232137E3	3.150454912E2
2.737735000E1	1.001832882E3	3.144349017E2
2.739403333E1	9.890124495E2	3.145865365E2
2.741071667E1	9.749376642E2	3.142162594E2
2.742740000E1	9.611150239E2	3.144268816E2
2.744408333E1	9.478189261E2	3.154052580E2
2.746076667E1	9.340548823E2	3.158866417E2
2.747745000E1	9.217123679E2	3.171289790E2
2.749413333E1	9.096107970E2	3.184837748E2
2.751081667E1	8.981161645E2	3.198544786E2
2.752750000E1	8.878499425E2	3.213323608E2
2.754418333E1	8.780827862E2	3.227693271E2
2.756086667E1	8.697474410E2	3.238979196E2
2.757755000E1	8.628687053E2	3.250244752E2
2.759423333E1	8.576393619E2	3.263005665E2
2.761091667E1	8.529759279E2	3.269795035E2
2.762760000E1	8.505655145E2	3.274560534E2
2.764428333E1	8.493618274E2	3.276752754E2
2.766096667E1	8.495028317E2	3.278427079E2
2.767765000E1	8.511178642E2	3.273617819E2
2.769433333E1	8.547091013E2	3.268634380E2
2.771101667E1	8.587728746E2	3.261034899E2
2.772770000E1	8.648833926E2	3.249096201E2
2.774438333E1	8.721925546E2	3.237417079E2
2.776106667E1	8.800941202E2	3.222973078E2
2.777775000E1	8.890449223E2	3.208381618E2
2.779443333E1	8.992551581E2	3.196459986E2
2.781111667E1	9.097808699E2	3.181949066E2
2.782780000E1	9.213769480E2	3.168509831E2
2.784448333E1	9.332937478E2	3.159746664E2
2.786116667E1	9.454804203E2	3.149936788E2
2.787785000E1	9.583477115E2	3.145785887E2
2.789453333E1	9.702865485E2	3.140925129E2
2.791121667E1	9.829327519E2	3.139809315E2
2.792790000E1	9.948642745E2	3.141395238E2
2.794458333E1	1.006564135E3	3.143408704E2
2.796126667E1	1.018108975E3	3.148881465E2
2.797795000E1	1.028184861E3	3.152876816E2
2.799463333E1	1.037800282E3	3.161607473E2
2.801131667E1	1.046347709E3	3.169895638E2
2.802800000E1	1.053854253E3	3.179136734E2
2.804468333E1	1.060311687E3	3.185663301E2
2.806136667E1	1.064756750E3	3.192987441E2
2.807805000E1	1.068524678E3	3.198375133E2
2.809473333E1	1.070927984E3	3.201060626E2
2.811141667E1	1.071795131E3	3.202679801E2
2.812810000E1	1.071202705E3	3.200217671E2
2.814478333E1	1.069185762E3	3.199631683E2
2.816146667E1	1.066346936E3	3.197729106E2
2.817815000E1	1.061314200E3	3.188880661E2
2.819483333E1	1.055753439E3	3.182897884E2
2.821151667E1	1.049240475E3	3.177492596E2
2.822820000E1	1.041083751E3	3.170118592E2
2.824488333E1	1.032207768E3	3.160845426E2
2.826156667E1	1.023255120E3	3.158217937E2
2.827825000E1	1.012856593E3	3.152869732E2
2.829493333E1	1.002312606E3	3.146431256E2
2.831161667E1	9.913291498E2	3.145534889E2
2.832830000E1	9.798249906E2	3.147753155E2
2.834498333E1	9.689501055E2	3.148571661E2
2.836166667E1	9.570045616E2	3.150327001E2
2.837835000E1	9.459334388E2	3.154279188E2
2.839503333E1	9.354718484E2	3.165601472E2
2.841171667E1	9.248493601E2	3.172612341E2
2.842840000E1	9.151759914E2	3.185880141E2
2.844508333E1	9.056991207E2	3.192499725E2
2.846176667E1	8.976586132E2	3.203016115E2
2.847845000E1	8.900472638E2	3.211695555E2
2.849513333E1	8.839389692E2	3.220182380E2
2.851181667E1	8.784096264E2	3.228463759E2
2.852850000E1	8.740927203E2	3.233587361E2
2.854518333E1	8.716794777E2	3.238710662E2
2.856186667E1	8.699851764E2	3.242627317E2
2.857855000E1	8.697998286E2	3.241090529E2
2.859523333E1	8.703126421E2	3.239911637E2
2.861191667E1	8.722301335E2	3.237186597E2
2.862860000E1	8.758518818E2	3.233324122E2
2.864528333E1	8.800454698E2	3.223232853E2
2.866196667E1	8.859818472E2	3.218328469E2
2.867865000E1	8.919341778E2	3.208036682E2
2.869533333E1	8.988104369E2	3.197650518E2
2.871201667E1	9.065879917E2	3.189737102E2
2.872870000E1	9.157855828E2	3.179757336E2
2.874538333E1	9.249020534E2	3.171192152E2
2.876206667E1	9.345839795E2	3.161920514E2
2.877875000E1	9.448452526E2	3.155851789E2
2.879543333E1	9.550117801E2	3.150353040E2
2.881211667E1	9.652177064E2	3.145698642E2
2.882880000E1	9.753735782E2	3.145628080E2
2.884548333E1	9.852901194E2	3.147812907E2
2.886216667E1	9.951589086E2	3.148410931E2
2.887885000E1	1.004719584E3	3.149635662E2
2.889553333E1	1.013005126E3	3.151116081E2
2.891221667E1	1.021379681E3	3.157769883E2
2.892890000E1	1.028988986E3	3.166778022E2
2.894558333E1	1.035153924E3	3.169072751E2
2.896226667E1	1.040468221E3	3.171365913E2
2.897895000E1	1.044655014E3	3.174961553E2
2.899563333E1	1.048631520E3	3.180869886E2
2.901231667E1	1.050686187E3	3.183178191E2
2.902900000E1	1.051828179E3	3.180827009E2
2.904568333E1	1.051478990E3	3.179265045E2
2.906236667E1	1.050274867E3	3.179780781E2
2.907905000E1	1.048115191E3	3.178999032E2
2.909573333E1	1.044963142E3	3.177972152E2
2.911241667E1	1.040411217E3	3.173216500E2
2.912910000E1	1.035436718E3	3.168543718E2
2.914578333E1	1.029510701E3	3.164851778E2
2.916246667E1	1.022773038E3	3.158077881E2
2.917915000E1	1.015800060E3	3.157006902E2
2.919583333E1	1.007385907E3	3.150850220E2
2.921251667E1	9.991136378E2	3.149026257E2
2.922920000E1	9.904465688E2	3.146515972E2
2.924588333E1	9.814617936E2	3.148844847E2
2.926256667E1	9.721689707E2	3.149925615E2
2.927925000E1	9.629588218E2	3.151885645E2
2.929593333E1	9.538001986E2	3.156684864E2
2.931261667E1	9.452062435E2	3.162926639E2
2.932930000E1	9.369461678E2	3.167978530E2
2.934598333E1	9.289544954E2	3.172726371E2
2.936266667E1	9.212206281E2	3.179133466E2
2.937935000E1	9.147163784E2	3.188163428E2
2.939603333E1	9.084971298E2	3.194200877E2
2.941271667E1	9.027807740E2	3.196335393E2
2.942940000E1	8.985179934E2	3.203822671E2
2.944608333E1	8.948826414E2	3.207981406E2
2.946276667E1	8.925727515E2	3.210292824E2
2.947945000E1	8.909168022E2	3.210528868E2
2.949613333E1	8.903537626E2	3.211245837E2
2.951281667E1	8.908815185E2	3.210727498E2
2.952950000E1	8.921322200E2	3.208924488E2
2.954618333E1	8.943948475E2	3.208378266E2
2.956286667E1	8.975601468E2	3.207102955E2
2.957955000E1	9.019102166E2	3.201082746E2
2.959623333E1	9.071810415E2	3.191761298E2
2.961291667E1	9.125153509E2	3.188568127E2
2.962960000E1	9.190660227E2	3.185932935E2
2.964628333E1	9.255088498E2	3.173952952E2
2.966296667E1	9.329553631E2	3.169636758E2
2.967965000E1	9.400676327E2	3.163982483E2
2.969633333E1	9.480622742E2	3.157801391E2
2.971301667E1	9.563082079E2	3.152770141E2
2.972970000E1	9.640345150E2	3.150200577E2
2.974638333E1	9.720650549E2	3.148025085E2
2.976306667E1	9.799717358E2	3.149312359E2
2.977975000E1	9.877726692E2	3.149508413E2
2.979643333E1	9.949787941E2	3.148744180E2
2.981311667E1	1.001904719E3	3.150728012E2
2.982980000E1	1.007989365E3	3.151130567E2
2.984648333E1	1.013679417E3	3.153129630E2
2.986316667E1	1.018930793E3	3.158544312E2
2.987985000E1	1.023171209E3	3.159333937E2
2.989653333E1	1.026257956E3	3.160999054E2
2.991321667E1	1.028957387E3	3.163060476E2
2.992990000E1	1.031016617E3	3.165881446E2
2.994658333E1	1.031868152E3	3.168124323E2
2.996326667E1	1.031886769E3	3.167326197E2
2.997995000E1	1.031047442E3	3.167841593E2
2.999663333E1	1.028990505E3	3.168505185E2
3.001331667E1	1.026577842E3	3.166882012E2
3.003000000E1	1.023239914E3	3.163376742E2
3.004668333E1	1.019102657E3	3.165336655E2
3.006336667E1	1.014640046E3	3.164056244E2
3.008005000E1	1.009645760E3	3.159347230E2
3.009673333E1	1.003852264E3	3.156854609E2
3.011341667E1	9.982609390E2	3.155766507E2
3.013010000E1	9.918531198E2	3.155749563E2
3.014678333E1	9.849004488E2	3.153903029E2
3.016346667E1	9.782412458E2	3.155255526E2
3.018015000E1	9.716415185E2	3.157316925E2
3.019683333E1	9.649367899E2	3.158028878E2
3.021351667E1	9.579446578E2	3.160001958E2
3.023020000E1	9.513791689E2	3.162048198E2
3.024688333E1	9.448880987E2	3.164588719E2
3.026356667E1	9.389043901E2	3.167153371E2
3.028025000E1	9.331214103E2	3.172359286E2
3.029693333E1	9.283039284E2	3.177602403E2
3.031361667E1	9.238379046E2	3.179629813E2
3.033030000E1	9.200522552E2	3.183684298E2
3.034698333E1	9.163421619E2	3.184192256E2
3.036366667E1	9.139049510E2	3.185704347E2
3.038035000E1	9.121157982E2	3.189999436E2
3.039703333E1	9.107697567E2	3.190217805E2
3.041371667E1	9.105381270E2	3.190114458E2
3.043040000E1	9.110066879E2	3.189922360E2
3.044708333E1	9.120314333E2	3.188548798E2
3.046376667E1	9.140342783E2	3.188081736E2
3.048045000E1	9.167492018E2	3.186988468E2
3.049713333E1	9.199416533E2	3.182201977E2
3.051381667E1	9.238647726E2	3.179063686E2
3.053050000E1	9.281298894E2	3.173253495E2
3.054718333E1	9.323503889E2	3.168889743E2
3.056386667E1	9.371176561E2	3.167787750E2
3.058055000E1	9.423097445E2	3.162518170E2
3.059723333E1	9.481216805E2	3.157349998E2
3.061391667E1	9.539065130E2	3.156678843E2
3.063060000E1	9.599917455E2	3.155152370E2
3.064728333E1	9.658478535E2	3.156076152E2
3.066396667E1	9.717083668E2	3.156912741E2
3.068065000E1	9.775951014E2	3.158304749E2
3.069733333E1	9.830128872E2	3.155618362E2
3.071401667E1	9.880033386E2	3.156797524E2
3.073070000E1	9.927183395E2	3.157927690E2
3.074738333E1	9.970551018E2	3.158686134E2
3.076406667E1	1.000909602E3	3.159452881E2
3.078075000E1	1.004198932E3	3.159088143E2
3.079743333E1	1.007013226E3	3.159593624E2
3.081411667E1	1.009225157E3	3.161044026E2
3.083080000E1	1.010896463E3	3.161244438E2
3.084748333E1	1.011813089E3	3.160790610E2
3.086416667E1	1.011984646E3	3.160027447E2
3.088085000E1	1.011851031E3	3.160345789E2
3.089753333E1	1.010909818E3	3.159989053E2
3.091421667E1	1.009112387E3	3.159444207E2
3.093090000E1	1.007052307E3	3.159314719E2
3.094758333E1	1.004729966E3	3.160247058E2
3.096426667E1	1.001764016E3	3.158919980E2
3.098095000E1	9.981693382E2	3.158790192E2
3.099763333E1	9.946287602E2	3.158522392E2
3.101431667E1	9.907095655E2	3.159505187E2
3.103100000E1	9.866635566E2	3.159639463E2
3.104768333E1	9.818762954E2	3.158389644E2
3.106436667E1	9.776313683E2	3.159161827E2
3.108105000E1	9.729032975E2	3.159492448E2
3.109773333E1	9.680413625E2	3.159103531E2
3.111441667E1	9.635666981E2	3.159251659E2
3.113110000E1	9.595184996E2	3.160372807E2
3.114778333E1	9.547016549E2	3.161480554E2
3.116446667E1	9.509888919E2	3.162310782E2
3.118115000E1	9.468676498E2	3.166775443E2
3.119783333E1	9.434085366E2	3.169059072E2
3.121451667E1	9.402563997E2	3.169316784E2
3.123120000E1	9.376960482E2	3.171022899E2
3.124788333E1	9.350317205E2	3.171876818E2
3.126456667E1	9.332339603E2	3.174909144E2
3.128125000E1	9.319446790E2	3.173379085E2
3.129793333E1	9.311999414E2	3.171314295E2
3.131461667E1	9.308864872E2	3.171216768E2
3.133130000E1	9.310660660E2	3.170167383E2
3.134798333E1	9.313195599E2	3.170054416E2
3.136466667E1	9.328399055E2	3.169763824E2
3.138135000E1	9.345346378E2	3.169255637E2
3.139803333E1	9.368830374E2	3.169179318E2
3.141471667E1	9.390049560E2	3.169063450E2
3.143140000E1	9.418188017E2	3.167980674E2
3.144808333E1	9.450156651E2	3.167365873E2
3.146476667E1	9.479766320E2	3.164446447E2
3.148145000E1	9.515025566E2	3.160675954E2
3.149813333E1	9.553549298E2	3.158026963E2
3.151481667E1	9.592315803E2	3.157192257E2
3.153150000E1	9.626425629E2	3.157939923E2
3.154818333E1	9.663192223E2	3.152045280E2
3.156486667E1	9.696528251E2	3.151099137E2
3.158155000E1	9.733349360E2	3.150110261E2
3.159823333E1	9.765357073E2	3.150658503E2
3.161491667E1	9.800641388E2	3.150629949E2
3.163160000E1	9.827688598E2	3.150782621E2
3.164828333E1	9.851596024E2	3.149849593E2
3.166496667E1	9.876600737E2	3.149806421E2
3.168165000E1	9.896578923E2	3.150100840E2
3.169833333E1	9.912001671E2	3.149806028E2
3.171501667E1	9.922145747E2	3.150293140E2
3.173170000E1	9.928578548E2	3.149928857E2
3.174838333E1	9.929845571E2	3.149796874E2
3.176506667E1	9.930014544E2	3.150195517E2
3.178175000E1	9.925911954E2	3.150225963E2
3.179843333E1	9.919249513E2	3.149603744E2
3.181511667E1	9.906899646E2	3.150726290E2
3.183180000E1	9.889890099E2	3.149125007E2
3.184848333E1	9.873853659E2	3.148873397E2
3.186516667E1	9.853311754E2	3.148664510E2
3.188185000E1	9.831299368E2	3.149337327E2
3.189853333E1	9.810004099E2	3.149705158E2
3.191521667E1	9.789248983E2	3.149953474E2
3.193190000E1	9.760573655E2	3.150118913E2
3.194858333E1	9.733740998E2	3.149889458E2
3.196526667E1	9.710309207E2	3.150630194E2
3.198195000E1	9.681321778E2	3.151328306E2
3.199863333E1	9.658194260E2	3.151942361E2
3.201531667E1	9.634533215E2	3.151706514E2
3.203200000E1	9.609635093E2	3.151241421E2
3.204868333E1	9.588257776E2	3.151823244E2
3.206536667E1	9.568370187E2	3.151991249E2
3.208205000E1	9.550762448E2	3.152264075E2
3.209873333E1	9.532278819E2	3.151791417E2
3.211541667E1	9.521844609E2	3.151182983E2
3.213210000E1	9.510783022E2	3.151676660E2
3.214878333E1	9.504366202E2	3.151973205E2
3.216546667E1	9.492811341E2	3.150783584E2
3.218215000E1	9.489527716E2	3.150858140E2
3.219883333E1	9.491179380E2	3.150840352E2
3.221551667E1	9.491758377E2	3.150221095E2
3.223220000E1	9.500439030E2	3.151080974E2
3.224888333E1	9.508380114E2	3.150593864E2
3.226556667E1	9.514287321E2	3.150062907E2
3.228225000E1	9.527695838E2	3.150103632E2
3.229893333E1	9.544985077E2	3.149771718E2
3.231561667E1	9.560595082E2	3.149759743E2
3.233230000E1	9.576132967E2	3.148930078E2
3.234898333E1	9.596273504E2	3.149511816E2
3.236566667E1	9.616486043E2	3.149418729E2
3.238235000E1	9.636412087E2	3.149309898E2
3.239903333E1	9.651837046E2	3.148254151E2
3.241571667E1	9.670258484E2	3.149344170E2
3.243240000E1	9.686975675E2	3.149144151E2
3.244908333E1	9.708958047E2	3.148920114E2
3.246576667E1	9.720542980E2	3.148485876E2
3.248245000E1	9.734713631E2	3.149111334E2
3.249913333E1	9.748264720E2	3.149964699E2
3.251581667E1	9.754985396E2	3.148670080E2
3.253250000E1	9.762775251E2	3.149386528E2
3.254918333E1	9.771147701E2	3.148515284E2
3.256586667E1	9.773359223E2	3.148598991E2
3.258255000E1	9.774543649E2	3.148251409E2
3.259923333E1	9.772592798E2	3.149461797E2
3.261591667E1	9.769533487E2	3.149738268E2
3.263260000E1	9.769411550E2	3.149561113E2
3.264928333E1	9.758657324E2	3.149800018E2
3.266596667E1	9.751447676E2	3.149114930E2
3.268265000E1	9.744335021E2	3.148723936E2
3.269933333E1	9.733355743E2	3.149090094E2
3.271601667E1	9.720565613E2	3.149134459E2
3.273270000E1	9.710163495E2	3.149668749E2
3.274938333E1	9.698303809E2	3.149885607E2
3.276606667E1	9.689084285E2	3.149803491E2
3.278275000E1	9.672086336E2	3.149822105E2
3.279943333E1	9.660766205E2	3.149703516E2
3.281611667E1	9.657132951E2	3.150212904E2
3.283280000E1	9.647134515E2	3.150145526E2
3.284948333E1	9.638600189E2	3.150132459E2
3.286616667E1	9.629603467E2	3.150526916E2
3.288285000E1	9.622139038E2	3.150300633E2
3.289953333E1	9.618167804E2	3.150830670E2
3.291621667E1	9.615964043E2	3.150614502E2
3.293290000E1	9.614012030E2	3.149857397E2
3.294958333E1	9.609687141E2	3.150165880E2
3.296626667E1	9.609059537E2	3.150260391E2
3.298295000E1	9.608472286E2	3.150213818E2
3.299963333E1	9.610045431E2	3.150279549E2
3.301631667E1	9.611529220E2	3.149979217E2
3.303300000E1	9.615377042E2	3.149832800E2
3.304968333E1	9.620845321E2	3.150762778E2
3.306636667E1	9.625864299E2	3.150511676E2
3.308305000E1	9.633468775E2	3.149343447E2
3.309973333E1	9.639970586E2	3.149572447E2
3.311641667E1	9.645734467E2	3.149412321E2
3.313310000E1	9.652290694E2	3.149332285E2
3.314978333E1	9.658602261E2	3.149517991E2
3.316646667E1	9.665835850E2	3.149404951E2
3.318315000E1	9.673496713E2	3.148934115E2
3.319983333E1	9.681404886E2	3.149630078E2
3.321651667E1	9.688663187E2	3.149462338E2
3.323320000E1	9.692087266E2	3.149155377E2
3.324988333E1	9.698869328E2	3.149882482E2
3.326656667E1	9.701323632E2	3.148785742E2
3.328325000E1	9.705863870E2	3.149323895E2
3.329993333E1	9.711380422E2	3.149330846E2
3.331661667E1	9.711378819E2	3.149482006E2
3.333330000E1	9.713222435E2	3.149021034E2
3.334998333E1	9.711500669E2	3.149473091E2
3.336666667E1	9.711587195E2	3.149548044E2
3.338335000E1	9.710844005E2	3.149528463E2
3.340003333E1	9.709554176E2	3.149764222E2
3.341671667E1	9.709196444E2	3.149769866E2
3.343340000E1	9.704234986E2	3.149401907E2
3.345008333E1	9.700520761E2	3.149778363E2
3.346676667E1	9.692774485E2	3.148709663E2
3.348345000E1	9.693051817E2	3.150274715E2
3.350013333E1	9.689179246E2	3.150414313E2
3.351681667E1	9.686581674E2	3.150168492E2
3.353350000E1	9.680496155E2	3.150359277E2
3.355018333E1	9.675791319E2	3.149937337E2
3.356686667E1	9.679359454E2	3.150888238E2
3.358355000E1	9.671313990E2	3.149498527E2
3.360023333E1	9.668619397E2	3.150284458E2
3.361691667E1	9.668381425E2	3.150573142E2
3.363360000E1	9.666467367E2	3.150411823E2
3.365028333E1	9.667581466E2	3.150349371E2
3.366696667E1	9.667723513E2	3.150364787E2
3.368365000E1	9.668046047E2	3.150553398E2
3.370033333E1	9.667443446E2	3.150389548E2
3.371701667E1	9.668287104E2	3.150253663E2
3.373370000E1	9.667787176E2	3.150026131E2
3.375038333E1	9.669490333E2	3.150303113E2
3.376706667E1	9.668767008E2	3.149860878E2
3.378375000E1	9.670054178E2	3.150204123E2
3.380043333E1	9.670881428E2	3.149979476E2
3.381711667E1	9.670644654E2	3.149825867E2
3.383380000E1	9.671344923E2	3.149478973E2
3.385048333E1	9.672765722E2	3.150183258E2
3.386716667E1	9.678256617E2	3.150121917E2
3.388385000E1	9.682184674E2	3.150891802E2
3.390053333E1	9.680101323E2	3.150627766E2
3.391721667E1	9.681025820E2	3.149839847E2
3.393390000E1	9.684344437E2	3.150199138E2
3.395058333E1	9.682787660E2	3.149672569E2
3.396726667E1	9.683783179E2	3.149629563E2
3.398395000E1	9.686415718E2	3.150329628E2
3.400063333E1	9.683585918E2	3.148938254E2
3.401731667E1	9.686258291E2	3.150718408E2
3.403400000E1	9.686603661E2	3.150421282E2
3.405068333E1	9.682541530E2	3.148769995E2
3.406736667E1	9.686237087E2	3.150098146E2
3.408405000E1	9.688898131E2	3.150065131E2
3.410073333E1	9.686075162E2	3.150128410E2
3.411741667E1	9.687622591E2	3.150089254E2
3.413410000E1	9.685124430E2	3.150539127E2
3.415078333E1	9.687254162E2	3.150232772E2
3.416746667E1	9.687534489E2	3.149745680E2
3.418415000E1	9.687540882E2	3.150095777E2
3.420083333E1	9.686117929E2	3.150244507E2
3.421751667E1	9.688368008E2	3.150217176E2
3.423420000E1	9.688536552E2	3.150090513E2
3.425088333E1	9.687766802E2	3.150304037E2
3.426756667E1	9.688220091E2	3.150082647E2
3.428425000E1	9.688889335E2	3.149438507E2
3.430093333E1	9.688472524E2	3.149464562E2
3.431761667E1	9.688633324E2	3.149659343E2
3.433430000E1	9.688273209E2	3.149353732E2
3.435098333E1	9.686970616E2	3.150235885E2
3.436766667E1	9.688151419E2	3.150285312E2
3.438435000E1	9.688958300E2	3.149301752E2
3.440103333E1	9.688660877E2	3.149848232E2
3.441771667E1	9.689123239E2	3.149939312E2
3.443440000E1	9.688869660E2	3.150114860E2
3.445108333E1	9.687857120E2	3.150207848E2
3.446776667E1	9.689257035E2	3.150450649E2
3.448445000E1	9.688882226E2	3.150192022E2
3.450113333E1	9.688386431E2	3.151195276E2
3.451781667E1	9.688809532E2	3.150142814E2
3.453450000E1	9.689027138E2	3.150198958E2
3.455118333E1	9.689507241E2	3.149238193E2
3.456786667E1	9.687287660E2	3.149536066E2
3.458455000E1	9.690881218E2	3.150310543E2
3.460123333E1	9.689153068E2	3.149947852E2
3.461791667E1	9.689485121E2	3.150340010E2
3.463460000E1	9.689596583E2	3.150111264E2
3.465128333E1	9.689170213E2	3.149568554E2
3.466796667E1	9.689596297E2	3.149852439E2
3.468465000E1	9.689617161E2	3.149400576E2
3.470133333E1	9.690033708E2	3.150112338E2
3.471801667E1	9.690936998E2	3.150133043E2
3.473470000E1	9.688715831E2	3.150036740E2
3.475138333E1	9.689835254E2	3.150268872E2
3.476806667E1	9.689624114E2	3.150175040E2
3.478475000E1	9.690608791E2	3.150257531E2
3.480143333E1	9.689587652E2	3.149887353E2
3.481811667E1	9.689641755E2	3.150604388E2
3.483480000E1	9.689827995E2	3.149683601E2
3.485148333E1	9.687611000E2	3.150299005E2
3.486816667E1	9.690611788E2	3.150111921E2
3.488485000E1	9.690486862E2	3.150109570E2
3.490153333E1	9.689437741E2	3.150299413E2
3.491821667E1	9.689035586E2	3.149797106E2
3.493490000E1	9.688054675E2	3.149903326E2
3.495158333E1	9.689664008E2	3.149783800E2
3.496826667E1	9.688462490E2	3.150110925E2
3.498495000E1	9.689490225E2	3.150069386E2
3.500163333E1	9.689175373E2	3.150131249E2
3.501831667E1	9.689756795E2	3.150082823E2
3.503500000E1	9.689784915E2	3.149947761E2
3.505168333E1	9.689918631E2	3.149447478E2
3.506836667E1	9.690167350E2	3.150001943E2
3.508505000E1	9.689624999E2	3.149849558E2
3.510173333E1	9.689979490E2	3.150062276E2
3.511841667E1	9.689655553E2	3.150055394E2
3.513510000E1	9.690056607E2	3.150964733E2
3.515178333E1	9.688517498E2	3.150206861E2
3.516846667E1	9.689729260E2	3.149858395E2
3.518515000E1	9.689173327E2	3.149803075E2
3.520183333E1	9.688690009E2	3.149678348E2
3.521851667E1	9.689091472E2	3.149800962E2
3.523520000E1	9.688848683E2	3.149694724E2
3.525188333E1	9.691130900E2	3.149732510E2
3.526856667E1	9.690177753E2	3.149777345E2
3.528525000E1	9.690320917E2	3.149839280E2
3.530193333E1	9.689395549E2	3.149799470E2
3.531861667E1	9.689361509E2	3.149894592E2
3.533530000E1	9.688106866E2	3.149123689E2
3.535198333E1	9.689100156E2	3.149929630E2
3.536866667E1	9.689712715E2	3.150010910E2
3.538535000E1	9.689668898E2	3.149999735E2
3.540203333E1	9.688464964E2	3.150375097E2
3.541871667E1	9.690318839E2	3.150219064E2
3.543540000E1	9.689576193E2	3.150389160E2
3.545208333E1	9.689318887E2	3.150018837E2
3.546876667E1	9.690174620E2	3.150460390E2
3.548545000E1	9.690244553E2	3.150112020E2
3.550213333E1	9.688851123E2	3.149393651E2
3.551881667E1	9.689344866E2	3.150262309E2
3.553550000E1	9.689727451E2	3.150763652E2
3.555218333E1	9.688010784E2	3.149969037E2
3.556886667E1	9.690226273E2	3.149985200E2
3.558555000E1	9.689652348E2	3.150300890E2
3.560223333E1	9.689206288E2	3.149984031E2
3.561891667E1	9.688145206E2	3.150185271E2
3.563560000E1	9.687312110E2	3.149904164E2
3.565228333E1	9.689570064E2	3.149776591E2
3.566896667E1	9.688974666E2	3.150221421E2
3.568565000E1	9.689123919E2	3.150581333E2
3.570233333E1	9.689908905E2	3.149901431E2
3.571901667E1	9.689849322E2	3.150701106E2
3.573570000E1	9.690040547E2	3.150195794E2
3.575238333E1	9.690375799E2	3.150048628E2
3.576906667E1	9.688769015E2	3.150083860E2
3.578575000E1	9.690207945E2	3.150162016E2
3.580243333E1	9.690225259E2	3.149910491E2
3.581911667E1	9.689512891E2	3.149959643E2
3.583580000E1	9.689258437E2	3.150258118E2
3.585248333E1	9.689576888E2	3.150017580E2
3.586916667E1	9.688310197E2	3.150192524E2
3.588585000E1	9.688935433E2	3.150299555E2
3.590253333E1	9.689056628E2	3.150119209E2
3.591921667E1	9.690228792E2	3.150468385E2
3.593590000E1	9.689302286E2	3.150031080E2
3.595258333E1	9.689406245E2	3.149743649E2
3.596926667E1	9.689507850E2	3.150436927E2
3.598595000E1	9.689792512E2	3.149587291E2
3.600263333E1	9.690638134E2	3.150193457E2
3.601931667E1	9.689548197E2	3.149788745E2
3.603600000E1	9.691305733E2	3.149701564E2
3.605268333E1	9.690070218E2	3.150620770E2
3.606936667E1	9.689767580E2	3.150599749E2
3.608605000E1	9.690015161E2	3.150556964E2
3.610273333E1	9.689105785E2	3.149487532E2
3.611941667E1	9.688664724E2	3.150030869E2
3.613610000E1	9.688964311E2	3.149433273E2
3.615278333E1	9.689108398E2	3.149609182E2
3.616946667E1	9.688856241E2	3.149946574E2
3.618615000E1	9.689145797E2	3.150203065E2
3.620283333E1	9.688913658E2	3.150174835E2
3.621951667E1	9.689308280E2	3.150335240E2
3.623620000E1	9.689471211E2	3.149963533E2
3.625288333E1	9.689204393E2	3.150011205E2
3.626956667E1	9.688606683E2	3.150214592E2
3.628625000E1	9.688547636E2	3.149758612E2
3.630293333E1	9.689696177E2	3.150240657E2
3.631961667E1	9.689357059E2	3.150159704E2
3.633630000E1	9.689929072E2	3.149609197E2
3.635298333E1	9.690280559E2	3.150006020E2
3.636966667E1	9.690614610E2	3.149992936E2
3.638635000E1	9.690568335E2	3.150091109E2
3.640303333E1	9.693689908E2	3.149790563E2
3.641971667E1	9.693627995E2	3.149382653E2
3.643640000E1	9.694195085E2	3.149588517E2
3.645308333E1	9.693073354E2	3.149339687E2
3.646976667E1	9.695457866E2	3.149403293E2
3.648645000E1	9.694271215E2	3.148678911E2
3.650313333E1	9.693373956E2	3.149163096E2
3.651981667E1	9.695409117E2	3.149689678E2
3.653650000E1	9.696553514E2	3.149500695E2
3.655318333E1	9.697121398E2	3.150672732E2
3.656986667E1	9.698577142E2	3.149755736E2
3.658655000E1	9.697808215E2	3.150304801E2
3.660323333E1	9.697226002E2	3.150197046E2
3.661991667E1	9.696586540E2	3.150357141E2
3.663660000E1	9.697847164E2	3.150471196E2
3.665328333E1	9.696772477E2	3.150258709E2
3.666996667E1	9.692020054E2	3.150152330E2
3.668665000E1	9.684486683E2	3.150052326E2
3.670333333E1	9.669532560E2	3.150010433E2
3.672001667E1	9.652367265E2	3.150028595E2
3.673670000E1	9.632006008E2	3.150436210E2
3.675338333E1	9.609605985E2	3.150991977E2
3.677006667E1	9.592534803E2	3.151050430E2
3.678675000E1	9.571856440E2	3.151313463E2
3.680343333E1	9.559793638E2	3.151601655E2
3.682011667E1	9.543282275E2	3.151715613E2
3.683680000E1	9.530297461E2	3.151561106E2
3.685348333E1	9.521199878E2	3.152071698E2
3.687016667E1	9.511261419E2	3.151995388E2
3.688685000E1	9.500312628E2	3.152004033E2
3.690353333E1	9.481345302E2	3.151427301E2
3.692021667E1	9.470512282E2	3.151314690E2
3.693690000E1	9.464310644E2	3.150412771E2
3.695358333E1	9.468530214E2	3.150801710E2
3.697026667E1	9.480045301E2	3.150019587E2
3.698695000E1	9.498870178E2	3.150059265E2
3.700363333E1	9.520017743E2	3.150240864E2
3.702031667E1	9.559278156E2	3.149581177E2
3.703700000E1	9.600769601E2	3.149736254E2
3.705368333E1	9.649702936E2	3.147889503E2
3.707036667E1	9.717595207E2	3.146287827E2
3.708705000E1	9.791824226E2	3.148110675E2
3.710373333E1	9.880741543E2	3.148337406E2
3.712041667E1	9.984692029E2	3.150266008E2
3.713710000E1	1.009999005E3	3.150341511E2
3.715378333E1	1.023826462E3	3.162140968E2
3.717046667E1	1.037865386E3	3.171451500E2
3.718715000E1	1.052975379E3	3.188310919E2
3.720383333E1	1.069228719E3	3.209348664E2
3.722051667E1	1.085125013E3	3.230449062E2
3.723720000E1	1.102005770E3	3.258595200E2
3.725388333E1	1.118383945E3	3.289144643E2
3.727056667E1	1.134831200E3	3.328289653E2
3.728725000E1	1.151437911E3	3.369227022E2
3.730393333E1	1.168530301E3	3.414169805E2
3.732061667E1	1.186924406E3	3.469959093E2
3.733730000E1	1.204760752E3	3.529607592E2
3.735398333E1	1.221951664E3	3.591692622E2
3.737066667E1	1.239970663E3	3.662764358E2
3.738735000E1	1.256684192E3	3.733042210E2
3.740403333E1	1.273034033E3	3.809302713E2
3.742071667E1	1.288838992E3	3.889708350E2
3.743740000E1	1.304196426E3	3.967999658E2
3.745408333E1	1.319071141E3	4.049726155E2
3.747076667E1	1.333355037E3	4.131012329E2
3.748745000E1	1.348273301E3	4.228158354E2
3.750413333E1	1.361150229E3	4.311438952E2
3.752081667E1	1.374007245E3	4.403927015E2
3.753750000E1	1.386216706E3	4.489669098E2
3.755418333E1	1.398022810E3	4.581949153E2
3.757086667E1	1.409144495E3	4.670157699E2
3.758755000E1	1.419611521E3	4.754844938E2
3.760423333E1	1.430435733E3	4.845405565E2
3.762091667E1	1.440129133E3	4.931138990E2
3.763760000E1	1.451510987E3	5.048687751E2
3.765428333E1	1.461786122E3	5.153617610E2
3.767096667E1	1.472074946E3	5.264843320E2
3.768765000E1	1.482112790E3	5.364347662E2
3.770433333E1	1.492251696E3	5.477882205E2
3.772101667E1	1.502164611E3	5.594822859E2
3.773770000E1	1.512075285E3	5.713244056E2
3.775438333E1	1.521959898E3	5.849215773E2
3.777106667E1	1.531761544E3	5.984685699E2
3.778775000E1	1.540812427E3	6.113755597E2
3.780443333E1	1.550418353E3	6.246195413E2
3.782111667E1	1.559378634E3	6.390831316E2
3.783780000E1	1.568147137E3	6.537198490E2
3.785448333E1	1.576322577E3	6.690944892E2
3.787116667E1	1.584301824E3	6.839983467E2
3.788785000E1	1.591956133E3	6.992361535E2
3.790453333E1	1.598948652E3	7.149352426E2
3.792121667E1	1.605768906E3	7.304191295E2
3.793790000E1	1.611985203E3	7.457471739E2
3.795458333E1	1.617967178E3	7.617182579E2
3.797126667E1	1.623888170E3	7.762989499E2
3.798795000E1	1.629075828E3	7.903801350E2
3.800463333E1	1.633717948E3	8.043886690E2
3.802131667E1	1.637857660E3	8.184153104E2
3.803800000E1	1.641662235E3	8.321124854E2
3.805468333E1	1.644712103E3	8.458734714E2
3.807136667E1	1.647892232E3	8.581201050E2
3.808805000E1	1.650241691E3	8.702697951E2
3.810473333E1	1.651941222E3	8.819051130E2
3.812141667E1	1.653890259E3	8.923434448E2
3.813810000E1	1.654944480E3	9.029002465E2
3.815478333E1	1.655836846E3	9.130816069E2
3.817146667E1	1.656952341E3	9.212935778E2
3.818815000E1	1.657246268E3	9.302832718E2
3.820483333E1	1.657918159E3	9.372166712E2
3.822151667E1	1.658008586E3	9.442879468E2
3.823820000E1	1.658884885E3	9.500216725E2
3.825488333E1	1.659152173E3	9.558433434E2
3.827156667E1	1.659254009E3	9.614302557E2
3.828825000E1	1.659297330E3	9.661764396E2
3.830493333E1	1.659248204E3	9.711371866E2
3.832161667E1	1.659184996E3	9.752946104E2
3.833830000E1	1.659345854E3	9.800780259E2
3.835498333E1	1.659341678E3	9.857602412E2
3.837166667E1	1.660718762E3	9.901528844E2
3.838835000E1	1.660949218E3	9.958721225E2
3.840503333E1	1.661856482E3	9.999759873E2
3.842171667E1	1.662765456E3	1.003819391E3
3.843840000E1	1.663792244E3	1.006097227E3
