mass_A
t	x	y
3.843840000E1	1.664084045E3	1.007078135E3
3.845508333E1	1.664361315E3	1.008979828E3
3.847176667E1	1.665059353E3	1.009325095E3
3.848845000E1	1.665615563E3	1.009138737E3
3.850513333E1	1.666029117E3	1.008165659E3
3.852181667E1	1.666127975E3	1.006802315E3
3.853850000E1	1.666172830E3	1.004966084E3
3.855518333E1	1.666204983E3	1.003029634E3
3.857186667E1	1.666246876E3	1.001052375E3
3.858855000E1	1.666154941E3	9.991147601E2
3.860523333E1	1.666134835E3	9.973445426E2
3.862191667E1	1.666106113E3	9.959923580E2
3.863860000E1	1.666107287E3	9.951380455E2
3.865528333E1	1.666075641E3	9.946950314E2
3.867196667E1	1.666183685E3	9.935211777E2
3.868865000E1	1.666139715E3	9.930045761E2
3.870533333E1	1.666212956E3	9.924425322E2
3.872201667E1	1.666157145E3	9.920720645E2
3.873870000E1	1.666171806E3	9.918473524E2
3.875538333E1	1.666152331E3	9.918398085E2
3.877206667E1	1.666154240E3	9.920544968E2
3.878875000E1	1.666113201E3	9.929657319E2
3.880543333E1	1.666133461E3	9.941169266E2
3.882211667E1	1.666086431E3	9.957057655E2
3.883880000E1	1.666096591E3	9.970097780E2
3.885548333E1	1.666108502E3	9.979885165E2
3.887216667E1	1.666131764E3	9.981796541E2
3.888885000E1	1.666142497E3	9.983650363E2
3.890553333E1	1.666059657E3	9.989908498E2
3.892221667E1	1.666025327E3	1.000019783E3
3.893890000E1	1.666034184E3	1.000895294E3
3.895558333E1	1.666036652E3	1.001153524E3
3.897226667E1	1.666040021E3	1.001168824E3
3.898895000E1	1.666017917E3	1.001070217E3
3.900563333E1	1.666002373E3	1.001019124E3
3.902231667E1	1.666005493E3	1.001021382E3
3.903900000E1	1.665978450E3	1.000970892E3
3.905568333E1	1.665973519E3	1.000395883E3
3.907236667E1	1.665940407E3	9.990491980E2
3.908905000E1	1.665883626E3	9.970134865E2
3.910573333E1	1.665906266E3	9.934636964E2
3.912241667E1	1.665557576E3	9.888771258E2
3.913910000E1	1.665040966E3	9.812506081E2
3.915578333E1	1.664249137E3	9.694317046E2
3.917246667E1	1.663106889E3	9.473091771E2
3.918915000E1	1.661843686E3	9.192142866E2
3.920583333E1	1.657905046E3	8.832658343E2
3.922251667E1	1.650661745E3	8.387896398E2
3.923920000E1	1.638122323E3	7.854236205E2
3.925588333E1	1.617393529E3	7.260202573E2
3.927256667E1	1.585977931E3	6.611802392E2
3.928925000E1	1.540874899E3	5.922403641E2
3.930593333E1	1.481319982E3	5.230041313E2
3.932261667E1	1.409546269E3	4.588220262E2
3.933930000E1	1.323780791E3	4.022949430E2
3.935598333E1	1.226589942E3	3.572783831E2
3.937266667E1	1.122499265E3	3.273305274E2
3.938935000E1	1.015453967E3	3.146238317E2
3.940603333E1	9.081501868E2	3.181930279E2
3.942271667E1	8.045570164E2	3.370291697E2
3.943940000E1	7.089651026E2	3.693338462E2
3.945608333E1	6.223782838E2	4.133237552E2
3.947276667E1	5.469668277E2	4.658281709E2
3.948945000E1	4.832333728E2	5.238979571E2
3.950613333E1	4.311823345E2	5.841743893E2
3.952281667E1	3.900575117E2	6.441468885E2
3.953950000E1	3.587641785E2	7.021072381E2
3.955618333E1	3.358865761E2	7.561980394E2
3.957286667E1	3.200439917E2	8.048991687E2
3.958955000E1	3.096122094E2	8.470287170E2
3.960623333E1	3.031853344E2	8.824502001E2
3.962291667E1	2.993322846E2	9.102262493E2
3.963960000E1	2.971344467E2	9.300586974E2
3.965628333E1	2.962261757E2	9.419077045E2
3.967296667E1	2.959192367E2	9.448186071E2
3.968965000E1	2.964795569E2	9.398042867E2
3.970633333E1	2.981039551E2	9.254551911E2
3.972301667E1	3.012333788E2	9.020739711E2
3.973970000E1	3.064082491E2	8.703175217E2
3.975638333E1	3.149659438E2	8.296723146E2
3.977306667E1	3.290051334E2	7.806497752E2
3.978975000E1	3.500911776E2	7.244510796E2
3.980643333E1	3.800203127E2	6.625682941E2
3.982311667E1	4.211902562E2	5.978147831E2
3.983980000E1	4.759911603E2	5.318598962E2
3.985648333E1	5.436313733E2	4.688442870E2
3.987316667E1	6.234033179E2	4.132193084E2
3.988985000E1	7.141947963E2	3.675183652E2
3.990653333E1	8.129281522E2	3.350712400E2
3.992321667E1	9.158910034E2	3.173961677E2
3.993990000E1	1.018605811E3	3.150309072E2
3.995658333E1	1.117999696E3	3.271680109E2
3.997326667E1	1.212023141E3	3.527541325E2
3.998995000E1	1.297529175E3	3.890069498E2
4.000663333E1	1.373674516E3	4.344377918E2
4.002331667E1	1.439982214E3	4.852385289E2
4.004000000E1	1.494070619E3	5.376295636E2
4.005668333E1	1.538303520E3	5.911348079E2
4.007336667E1	1.573478059E3	6.428129981E2
4.009005000E1	1.600179308E3	6.914954961E2
4.010673333E1	1.620328118E3	7.353472343E2
4.012341667E1	1.634455914E3	7.733574986E2
4.014010000E1	1.644219600E3	8.049324557E2
4.015678333E1	1.650436572E3	8.291004549E2
4.017346667E1	1.654195031E3	8.452406802E2
4.019015000E1	1.655888389E3	8.533295599E2
4.020683333E1	1.655776200E3	8.531555036E2
4.022351667E1	1.653557150E3	8.447979199E2
4.024020000E1	1.648823939E3	8.272934161E2
4.025688333E1	1.641591017E3	8.015238396E2
4.027356667E1	1.630427405E3	7.674586137E2
4.029025000E1	1.614183855E3	7.257941174E2
4.030693333E1	1.591118226E3	6.775249361E2
4.032361667E1	1.559998614E3	6.238875225E2
4.034030000E1	1.518663074E3	5.672747661E2
4.035698333E1	1.466257961E3	5.096856122E2
4.037366667E1	1.401276481E3	4.541334304E2
4.039035000E1	1.325544012E3	4.041750396E2
4.040703333E1	1.240067453E3	3.634998697E2
4.042371667E1	1.147476843E3	3.339972742E2
4.044040000E1	1.050948326E3	3.181153985E2
4.045708333E1	9.533745206E2	3.157955442E2
4.047376667E1	8.574698113E2	3.266541307E2
4.049045000E1	7.664107368E2	3.498774935E2
4.050713333E1	6.825840928E2	3.831459961E2
4.052381667E1	6.075837085E2	4.248879717E2
4.054050000E1	5.424318917E2	4.722601143E2
4.055718333E1	4.870755883E2	5.228193938E2
4.057386667E1	4.417156364E2	5.741307469E2
4.059055000E1	4.056127942E2	6.242694431E2
4.060723333E1	3.772142683E2	6.719139150E2
4.062391667E1	3.558716289E2	7.149367749E2
4.064060000E1	3.401529856E2	7.527875014E2
4.065728333E1	3.294063458E2	7.843776075E2
4.067396667E1	3.218984670E2	8.089169625E2
4.069065000E1	3.177741726E2	8.261933421E2
4.070733333E1	3.155003343E2	8.359275621E2
4.072401667E1	3.150014284E2	8.371941210E2
4.074070000E1	3.169075664E2	8.302997053E2
4.075738333E1	3.210189387E2	8.153414417E2
4.077406667E1	3.278690302E2	7.920220061E2
4.079075000E1	3.383065648E2	7.611666523E2
4.080743333E1	3.538116920E2	7.223232306E2
4.082411667E1	3.756609296E2	6.771411787E2
4.084080000E1	4.051573522E2	6.269755121E2
4.085748333E1	4.439802047E2	5.729681651E2
4.087416667E1	4.932585324E2	5.178995908E2
4.089085000E1	5.534347633E2	4.644418993E2
4.090753333E1	6.232231153E2	4.157181870E2
4.092421667E1	7.034844447E2	3.742547301E2
4.094090000E1	7.911107214E2	3.428101223E2
4.095758333E1	8.833082344E2	3.233679574E2
4.097426667E1	9.768750542E2	3.161304180E2
4.099095000E1	1.068788998E3	3.212699538E2
4.100763333E1	1.157002863E3	3.376446703E2
4.102431667E1	1.239071510E3	3.643589069E2
4.104100000E1	1.313881041E3	3.992283793E2
4.105768333E1	1.380334160E3	4.398931663E2
4.107436667E1	1.438104237E3	4.847845811E2
4.109105000E1	1.485246043E3	5.301058943E2
4.110773333E1	1.524962363E3	5.753853514E2
4.112441667E1	1.556385864E3	6.181460274E2
4.114110000E1	1.580778796E3	6.574023972E2
4.115778333E1	1.599156715E3	6.908200449E2
4.117446667E1	1.612270777E3	7.191151718E2
4.119115000E1	1.621448377E3	7.409226511E2
4.120783333E1	1.626961908E3	7.555212706E2
4.122451667E1	1.629340053E3	7.628218772E2
4.124120000E1	1.629084077E3	7.622961135E2
4.125788333E1	1.625769549E3	7.538037011E2
4.127456667E1	1.619057689E3	7.376815164E2
4.129125000E1	1.608529618E3	7.141327919E2
4.130793333E1	1.593110319E3	6.836645381E2
4.132461667E1	1.572091389E3	6.463744985E2
4.134130000E1	1.544579157E3	6.037966412E2
4.135798333E1	1.508914879E3	5.577824079E2
4.137466667E1	1.463743138E3	5.101065237E2
4.139135000E1	1.408641177E3	4.621111423E2
4.140803333E1	1.343750957E3	4.173673894E2
4.142471667E1	1.269722878E3	3.783048935E2
4.144140000E1	1.189146921E3	3.477315204E2
4.145808333E1	1.102566881E3	3.270383090E2
4.147476667E1	1.014306076E3	3.180722514E2
4.149145000E1	9.256156819E2	3.201597368E2
4.150813333E1	8.393158772E2	3.327507167E2
4.152481667E1	7.572566897E2	3.554600330E2
4.154150000E1	6.818496701E2	3.862221472E2
4.155818333E1	6.145723963E2	4.234428245E2
4.157486667E1	5.555995183E2	4.646794700E2
4.159155000E1	5.057114190E2	5.083046619E2
4.160823333E1	4.638229662E2	5.522345652E2
4.162491667E1	4.300118525E2	5.944535165E2
4.164160000E1	4.025787672E2	6.339975561E2
4.165828333E1	3.819846839E2	6.688591967E2
4.167496667E1	3.662357972E2	6.990982301E2
4.169165000E1	3.554083053E2	7.230896872E2
4.170833333E1	3.477583398E2	7.406937050E2
4.172501667E1	3.439280354E2	7.513002495E2
4.174170000E1	3.422903035E2	7.548166203E2
4.175838333E1	3.440144276E2	7.506044218E2
4.177506667E1	3.490418716E2	7.389222008E2
4.179175000E1	3.578983403E2	7.193261602E2
4.180843333E1	3.701568269E2	6.931622547E2
4.182511667E1	3.879710292E2	6.601997969E2
4.184180000E1	4.119657422E2	6.214493012E2
4.185848333E1	4.424170109E2	5.789764341E2
4.187516667E1	4.818472201E2	5.328900866E2
4.189185000E1	5.300015482E2	4.866565720E2
4.190853333E1	5.881206594E2	4.414103522E2
4.192521667E1	6.541885465E2	4.008399947E2
4.194190000E1	7.283119119E2	3.665802929E2
4.195858333E1	8.091818131E2	3.406931368E2
4.197526667E1	8.934592165E2	3.246478622E2
4.199195000E1	9.783210041E2	3.187779176E2
4.200863333E1	1.062240124E3	3.230776909E2
4.202531667E1	1.142917907E3	3.370914937E2
4.204200000E1	1.218899133E3	3.593796524E2
4.205868333E1	1.288631768E3	3.890256678E2
4.207536667E1	1.350725509E3	4.234341974E2
4.209205000E1	1.405260671E3	4.610631004E2
4.210873333E1	1.452053967E3	5.008693787E2
4.212541667E1	1.490233225E3	5.390498375E2
4.214210000E1	1.521973271E3	5.752648978E2
4.215878333E1	1.547240406E3	6.087290390E2
4.217546667E1	1.566098634E3	6.373274803E2
4.219215000E1	1.580151174E3	6.609341163E2
4.220883333E1	1.589799436E3	6.785170198E2
4.222551667E1	1.595676253E3	6.891556211E2
4.224220000E1	1.597562198E3	6.928825476E2
4.225888333E1	1.595736174E3	6.895500143E2
4.227556667E1	1.590218045E3	6.793034188E2
4.229225000E1	1.580383509E3	6.624542394E2
4.230893333E1	1.566085077E3	6.390253275E2
4.232561667E1	1.546284750E3	6.094827534E2
4.234230000E1	1.520791984E3	5.753378582E2
4.235898333E1	1.488230290E3	5.372663036E2
4.237566667E1	1.448131577E3	4.973715490E2
4.239235000E1	1.398412310E3	4.558631084E2
4.240903333E1	1.340630735E3	4.173698042E2
4.242571667E1	1.275052938E3	3.824275530E2
4.244240000E1	1.203006433E3	3.537653986E2
4.245908333E1	1.125315912E3	3.329236213E2
4.247576667E1	1.045032153E3	3.213565495E2
4.249245000E1	9.635661823E2	3.191775164E2
4.250913333E1	8.830571756E2	3.264061717E2
4.252581667E1	8.055527126E2	3.421096780E2
4.254250000E1	7.330242335E2	3.654560158E2
4.255918333E1	6.668412993E2	3.949029035E2
4.257586667E1	6.078305141E2	4.289768714E2
4.259255000E1	5.562125195E2	4.657725723E2
4.260923333E1	5.118599277E2	5.036963789E2
4.262591667E1	4.752694934E2	5.412772379E2
4.264260000E1	4.452891052E2	5.762612893E2
4.265928333E1	4.213816622E2	6.079940387E2
4.267596667E1	4.031029207E2	6.354360007E2
4.269265000E1	3.893545802E2	6.579407666E2
4.270933333E1	3.803194571E2	6.745505173E2
4.272601667E1	3.749311889E2	6.844830070E2
4.274270000E1	3.730021818E2	6.882441291E2
4.275938333E1	3.747134373E2	6.852453544E2
4.277606667E1	3.797781006E2	6.757353371E2
4.279275000E1	3.891575404E2	6.595917308E2
4.280943333E1	4.030202491E2	6.367355349E2
4.282611667E1	4.221951052E2	6.083320045E2
4.284280000E1	4.470134958E2	5.751681217E2
4.285948333E1	4.787434362E2	5.380782831E2
4.287616667E1	5.176314313E2	4.989049779E2
4.289285000E1	5.652685813E2	4.594291041E2
4.290953333E1	6.207385084E2	4.212479755E2
4.292621667E1	6.833513637E2	3.871422279E2
4.294290000E1	7.529781743E2	3.585311493E2
4.295958333E1	8.272146108E2	3.367714777E2
4.297626667E1	9.046776813E2	3.234510479E2
4.299295000E1	9.826979739E2	3.189452574E2
4.300963333E1	1.059573353E3	3.229567651E2
4.302631667E1	1.133850708E3	3.351534729E2
4.304300000E1	1.204188606E3	3.546682599E2
4.305968333E1	1.268200656E3	3.794975737E2
4.307636667E1	1.326286347E3	4.091152977E2
4.309305000E1	1.377442682E3	4.410837432E2
4.310973333E1	1.421698048E3	4.749478498E2
4.312641667E1	1.459563747E3	5.086119862E2
4.314310000E1	1.489723865E3	5.392536223E2
4.315978333E1	1.514533381E3	5.670691984E2
4.317646667E1	1.533601268E3	5.912623439E2
4.319315000E1	1.547746185E3	6.107361043E2
4.320983333E1	1.556926666E3	6.246299329E2
4.322651667E1	1.561933515E3	6.325358087E2
4.324320000E1	1.562906984E3	6.339168660E2
4.325988333E1	1.559910373E3	6.293037251E2
4.327656667E1	1.552252871E3	6.183214143E2
4.329325000E1	1.540130810E3	6.015623730E2
4.330993333E1	1.523210110E3	5.793529662E2
4.332661667E1	1.500574250E3	5.521300407E2
4.334330000E1	1.472156564E3	5.217501985E2
4.335998333E1	1.436522475E3	4.882173652E2
4.337666667E1	1.393270840E3	4.530110838E2
4.339335000E1	1.342510813E3	4.190190721E2
4.341003333E1	1.284610805E3	3.880318350E2
4.342671667E1	1.220497810E3	3.607871772E2
4.344340000E1	1.151200716E3	3.398782791E2
4.346008333E1	1.078286897E3	3.260344354E2
4.347676667E1	1.003885127E3	3.201978584E2
4.349345000E1	9.293412613E2	3.220947335E2
4.351013333E1	8.562487050E2	3.319669700E2
4.352681667E1	7.863755051E2	3.484688839E2
4.354350000E1	7.215222170E2	3.712274910E2
4.356018333E1	6.621450984E2	3.983359398E2
4.357686667E1	6.092816365E2	4.291383741E2
4.359355000E1	5.631622823E2	4.613940344E2
4.361023333E1	5.237352855E2	4.937282779E2
4.362691667E1	4.910604904E2	5.254248446E2
4.364360000E1	4.640766286E2	5.546101046E2
4.366028333E1	4.431840837E2	5.803600917E2
4.367696667E1	4.269658422E2	6.018520685E2
4.369365000E1	4.155618533E2	6.184106157E2
4.371033333E1	4.083007932E2	6.293917857E2
4.372701667E1	4.049555047E2	6.343257981E2
4.374370000E1	4.052203013E2	6.336766809E2
4.376038333E1	4.098533793E2	6.266912169E2
4.377706667E1	4.189143793E2	6.139229299E2
4.379375000E1	4.325692627E2	5.955275264E2
4.381043333E1	4.504889955E2	5.718067661E2
4.382711667E1	4.743726951E2	5.437543587E2
4.384380000E1	5.045116104E2	5.123609016E2
4.386048333E1	5.413022801E2	4.789418189E2
4.387716667E1	5.853385708E2	4.449897866E2
4.389385000E1	6.366109106E2	4.121693714E2
4.391053333E1	6.945213591E2	3.824368786E2
4.392721667E1	7.580842491E2	3.572608393E2
4.394390000E1	8.259443688E2	3.377500728E2
4.396058333E1	8.967262663E2	3.252398165E2
4.397726667E1	9.686815032E2	3.200783693E2
4.399395000E1	1.039875215E3	3.220722829E2
4.401063333E1	1.108882723E3	3.312873599E2
4.402731667E1	1.174903875E3	3.466425464E2
4.404400000E1	1.235742309E3	3.672694878E2
4.406068333E1	1.291650113E3	3.919938675E2
4.407736667E1	1.341024764E3	4.190308827E2
4.409405000E1	1.383943226E3	4.472528412E2
4.411073333E1	1.421396519E3	4.758087994E2
4.412741667E1	1.452899506E3	5.037227363E2
4.414410000E1	1.477815512E3	5.281051821E2
4.416078333E1	1.497448241E3	5.487241867E2
4.417746667E1	1.511795331E3	5.657488305E2
4.419415000E1	1.521522787E3	5.776222905E2
4.421083333E1	1.526447249E3	5.842811698E2
4.422751667E1	1.527321177E3	5.856907327E2
4.424420000E1	1.523907162E3	5.817717011E2
4.426088333E1	1.515925612E3	5.720625044E2
4.427756667E1	1.503041983E3	5.572753386E2
4.429425000E1	1.485611203E3	5.379839372E2
4.431093333E1	1.462446907E3	5.142483579E2
4.432761667E1	1.433730657E3	4.879036881E2
4.434430000E1	1.397724590E3	4.584056170E2
4.436098333E1	1.355590137E3	4.293810408E2
4.437766667E1	1.306351908E3	4.002629422E2
4.439435000E1	1.251333761E3	3.741994768E2
4.441103333E1	1.191052255E3	3.521807242E2
4.442771667E1	1.126089355E3	3.354163078E2
4.444440000E1	1.059129573E3	3.248303811E2
4.446108333E1	9.905290740E2	3.209512444E2
4.447776667E1	9.217434167E2	3.238991040E2
4.449445000E1	8.550168050E2	3.333130779E2
4.451113333E1	7.915047656E2	3.486408541E2
4.452781667E1	7.315375229E2	3.689301460E2
4.454450000E1	6.767183374E2	3.929728485E2
4.456118333E1	6.278397582E2	4.195070664E2
4.457786667E1	5.851259966E2	4.475013806E2
4.459455000E1	5.485121687E2	4.754182078E2
4.461123333E1	5.172632159E2	5.026942204E2
4.462791667E1	4.920347505E2	5.271811149E2
4.464460000E1	4.719167793E2	5.489214101E2
4.466128333E1	4.569680133E2	5.665599972E2
4.467796667E1	4.464661315E2	5.794144072E2
4.469465000E1	4.400794385E2	5.872485538E2
4.471133333E1	4.380081554E2	5.900910324E2
4.472801667E1	4.401012497E2	5.873814650E2
4.474470000E1	4.462869875E2	5.792144055E2
4.476138333E1	4.573068253E2	5.660009130E2
4.477806667E1	4.728174406E2	5.479112046E2
4.479475000E1	4.934630596E2	5.258991999E2
4.481143333E1	5.197412066E2	5.001461065E2
4.482811667E1	5.522964424E2	4.722214643E2
4.484480000E1	5.909366557E2	4.431923192E2
4.486148333E1	6.356832335E2	4.144140552E2
4.487816667E1	6.862825371E2	3.876331920E2
4.489485000E1	7.427107704E2	3.639039938E2
4.491153333E1	8.039048641E2	3.442994329E2
4.492821667E1	8.681892463E2	3.303339609E2
4.494490000E1	9.338842862E2	3.222128060E2
4.496158333E1	9.997566642E2	3.202923665E2
4.497826667E1	1.064701066E3	3.248786496E2
4.499495000E1	1.127361410E3	3.349452162E2
4.501163333E1	1.186364497E3	3.502453032E2
4.502831667E1	1.241236537E3	3.698114383E2
4.504500000E1	1.290810484E3	3.920200732E2
4.506168333E1	1.334874027E3	4.158905144E2
4.507836667E1	1.372922368E3	4.401372281E2
4.509505000E1	1.405750363E3	4.640894743E2
4.511173333E1	1.433298163E3	4.864380609E2
4.512841667E1	1.455251053E3	5.062672821E2
4.514510000E1	1.471716370E3	5.223191727E2
4.516178333E1	1.483448600E3	5.342195058E2
4.517846667E1	1.490480822E3	5.420250113E2
4.519515000E1	1.492968702E3	5.447389951E2
4.521183333E1	1.491132555E3	5.429770165E2
4.522851667E1	1.484773929E3	5.363666931E2
4.524520000E1	1.473675729E3	5.254911651E2
4.526188333E1	1.458170074E3	5.098706942E2
4.527856667E1	1.437077900E3	4.903885903E2
4.529525000E1	1.410182088E3	4.678602444E2
4.531193333E1	1.377221806E3	4.434613977E2
4.532861667E1	1.338959802E3	4.185855619E2
4.534530000E1	1.294214944E3	3.939819716E2
4.536198333E1	1.243967141E3	3.714806459E2
4.537866667E1	1.189102373E3	3.515769750E2
4.539535000E1	1.130353255E3	3.359496968E2
4.541203333E1	1.068740335E3	3.259569338E2
4.542871667E1	1.005493139E3	3.210413280E2
4.544540000E1	9.421398625E2	3.222098215E2
4.546208333E1	8.799041421E2	3.288796364E2
4.547876667E1	8.198171199E2	3.407956468E2
4.549545000E1	7.634964152E2	3.570304771E2
4.551213333E1	7.108228331E2	3.769497170E2
4.552881667E1	6.633830460E2	3.992718035E2
4.554550000E1	6.211790017E2	4.232406334E2
4.556218333E1	5.847395091E2	4.474562635E2
4.557886667E1	5.533717837E2	4.712473987E2
4.559555000E1	5.273910437E2	4.931336302E2
4.561223333E1	5.068293116E2	5.126300993E2
4.562891667E1	4.908958992E2	5.287701858E2
4.564560000E1	4.793211536E2	5.409740776E2
4.566228333E1	4.727593194E2	5.487635765E2
4.567896667E1	4.698877905E2	5.515910323E2
4.569565000E1	4.714536189E2	5.502169356E2
4.571233333E1	4.772773088E2	5.436109068E2
4.572901667E1	4.877881706E2	5.327370025E2
4.574570000E1	5.031525497E2	5.173192295E2
4.576238333E1	5.231262348E2	4.985238891E2
4.577906667E1	5.487952432E2	4.764323947E2
4.579575000E1	5.793182989E2	4.523665852E2
4.581243333E1	6.154229177E2	4.276152506E2
4.582911667E1	6.573233787E2	4.029794854E2
4.584580000E1	7.047423482E2	3.798115742E2
4.586248333E1	7.571835500E2	3.593966849E2
4.587916667E1	8.133512589E2	3.424821354E2
4.589585000E1	8.727181034E2	3.301374685E2
4.591253333E1	9.331211849E2	3.228596497E2
4.592921667E1	9.939465075E2	3.212039406E2
4.594590000E1	1.053659922E3	3.245575075E2
4.596258333E1	1.111820131E3	3.327946708E2
4.597926667E1	1.167220548E3	3.456746490E2
4.599595000E1	1.218370149E3	3.619540878E2
4.601263333E1	1.265116194E3	3.807504461E2
4.602931667E1	1.306893457E3	4.012755201E2
4.604600000E1	1.343333318E3	4.219236062E2
4.606268333E1	1.374661933E3	4.424438147E2
4.607936667E1	1.400979702E3	4.615536588E2
4.609605000E1	1.422567511E3	4.782455799E2
4.611273333E1	1.438903847E3	4.924963270E2
4.612941667E1	1.450728978E3	5.031258102E2
4.614610000E1	1.457259945E3	5.093336384E2
4.616278333E1	1.459286888E3	5.113196581E2
4.617946667E1	1.457149060E3	5.092783295E2
4.619615000E1	1.450797411E3	5.031525054E2
4.621283333E1	1.439160465E3	4.930279322E2
4.622951667E1	1.423013984E3	4.790869967E2
4.624620000E1	1.401270183E3	4.614861848E2
4.626288333E1	1.374918414E3	4.423864471E2
4.627956667E1	1.342965729E3	4.212686477E2
4.629625000E1	1.305253358E3	3.999120084E2
4.631293333E1	1.262812358E3	3.794825307E2
4.632961667E1	1.215251765E3	3.602826694E2
4.634630000E1	1.163529251E3	3.441955148E2
4.636298333E1	1.108867515E3	3.320222448E2
4.637966667E1	1.051363275E3	3.240384312E2
4.639635000E1	9.932561793E2	3.210347327E2
4.641303333E1	9.351075585E2	3.229264060E2
4.642971667E1	8.773641577E2	3.292802129E2
4.644640000E1	8.228220460E2	3.402864997E2
4.646308333E1	7.710193696E2	3.547241076E2
4.647976667E1	7.227613134E2	3.723849007E2
4.649645000E1	6.790184837E2	3.919210428E2
4.651313333E1	6.400488444E2	4.126092289E2
4.652981667E1	6.061545592E2	4.337577847E2
4.654650000E1	5.772227120E2	4.539676524E2
4.656318333E1	5.532167979E2	4.723288219E2
4.657986667E1	5.339545074E2	4.882469451E2
4.659655000E1	5.196797162E2	5.013844629E2
4.661323333E1	5.097014729E2	5.107501433E2
4.662991667E1	5.040964835E2	5.164047077E2
4.664660000E1	5.023769102E2	5.179129753E2
4.666328333E1	5.052852582E2	5.151053386E2
4.667996667E1	5.125481442E2	5.081351277E2
4.669665000E1	5.242683129E2	4.973244426E2
4.671333333E1	5.405277649E2	4.830600291E2
4.673001667E1	5.618404853E2	4.658380155E2
4.674670000E1	5.880032629E2	4.464585681E2
4.676338333E1	6.190582753E2	4.257076607E2
4.678006667E1	6.556340234E2	4.042559894E2
4.679675000E1	6.964215205E2	3.838791902E2
4.681343333E1	7.422321720E2	3.646501888E2
4.683011667E1	7.923057733E2	3.483519591E2
4.684680000E1	8.453309394E2	3.353406013E2
4.686348333E1	9.001340087E2	3.262055611E2
4.688016667E1	9.561333984E2	3.218299650E2
4.689685000E1	1.012019161E3	3.217757976E2
4.691353333E1	1.066447460E3	3.259575923E2
4.693021667E1	1.119607307E3	3.343909579E2
4.694690000E1	1.169752956E3	3.461630021E2
4.696358333E1	1.215950400E3	3.605697743E2
4.698026667E1	1.258186825E3	3.773167232E2
4.699695000E1	1.295925509E3	3.948832084E2
4.701363333E1	1.328245716E3	4.123882209E2
4.703031667E1	1.356132241E3	4.295243993E2
4.704700000E1	1.379631037E3	4.451682345E2
4.706368333E1	1.398041566E3	4.584787146E2
4.708036667E1	1.412056401E3	4.691934119E2
4.709705000E1	1.421746252E3	4.769956954E2
4.711373333E1	1.426295021E3	4.809305150E2
4.713041667E1	1.426351580E3	4.810227242E2
4.714710000E1	1.422103715E3	4.774651829E2
4.716378333E1	1.413808052E3	4.709120123E2
4.718046667E1	1.400050721E3	4.605151850E2
4.719715000E1	1.382037650E3	4.470709489E2
4.721383333E1	1.358948418E3	4.313644445E2
4.723051667E1	1.331787202E3	4.147591108E2
4.724720000E1	1.298955197E3	3.968092655E2
4.726388333E1	1.261492076E3	3.789238957E2
4.728056667E1	1.219210907E3	3.620149988E2
4.729725000E1	1.173218540E3	3.471974305E2
4.731393333E1	1.123936025E3	3.352494232E2
4.733061667E1	1.072184012E3	3.268018939E2
4.734730000E1	1.018987785E3	3.225262130E2
4.736398333E1	9.654308025E2	3.217849795E2
4.738066667E1	9.118862738E2	3.254696332E2
4.739735000E1	8.601369042E2	3.329911404E2
4.741403333E1	8.108107662E2	3.440892891E2
4.743071667E1	7.643712539E2	3.578473809E2
4.744740000E1	7.212468372E2	3.739518532E2
4.746408333E1	6.823777879E2	3.913814536E2
4.748076667E1	6.479820415E2	4.093761093E2
4.749745000E1	6.183468769E2	4.270430816E2
4.751413333E1	5.932566889E2	4.435757592E2
4.753081667E1	5.724744254E2	4.586308504E2
4.754750000E1	5.563440424E2	4.711432517E2
4.756418333E1	5.443943116E2	4.808955758E2
4.758086667E1	5.370437754E2	4.871086674E2
4.759755000E1	5.339813749E2	4.899054945E2
4.761423333E1	5.350214950E2	4.891158404E2
4.763091667E1	5.403319580E2	4.847161938E2
4.764760000E1	5.501233726E2	4.767897966E2
4.766428333E1	5.642293217E2	4.652186559E2
4.768096667E1	5.826857268E2	4.513146850E2
4.769765000E1	6.059788648E2	4.352482750E2
4.771433333E1	6.337288767E2	4.178419561E2
4.773101667E1	6.660614182E2	3.997243415E2
4.774770000E1	7.027329634E2	3.818775252E2
4.776438333E1	7.440382068E2	3.649638185E2
4.778106667E1	7.891709109E2	3.501034049E2
4.779775000E1	8.370229201E2	3.377360112E2
4.781443333E1	8.869422331E2	3.286864748E2
4.783111667E1	9.382027824E2	3.233730979E2
4.784780000E1	9.898010261E2	3.216603643E2
4.786448333E1	1.040481854E3	3.238731003E2
4.788116667E1	1.090062062E3	3.297203996E2
4.789785000E1	1.137209205E3	3.385155119E2
4.791453333E1	1.181687100E3	3.502052967E2
4.793121667E1	1.222377847E3	3.637853174E2
4.794790000E1	1.258992350E3	3.783295684E2
4.796458333E1	1.291755866E3	3.938982018E2
4.798126667E1	1.319606726E3	4.083737632E2
4.799795000E1	1.343400369E3	4.220697815E2
4.801463333E1	1.362307716E3	4.341666801E2
4.803131667E1	1.376937858E3	4.440841332E2
4.804800000E1	1.387252175E3	4.514835468E2
4.806468333E1	1.393282519E3	4.557922603E2
4.808136667E1	1.394957130E3	4.569780027E2
4.809805000E1	1.392155709E3	4.549781634E2
4.811473333E1	1.385038736E3	4.499649785E2
4.813141667E1	1.373285873E3	4.419776317E2
4.814810000E1	1.357164488E3	4.314378467E2
4.816478333E1	1.337003826E3	4.186533303E2
4.818146667E1	1.311480318E3	4.042084530E2
4.819815000E1	1.281950407E3	3.891802044E2
4.821483333E1	1.247991896E3	3.740362113E2
4.823151667E1	1.209854975E3	3.598451726E2
4.824820000E1	1.168142636E3	3.468232304E2
4.826488333E1	1.123184615E3	3.361235120E2
4.828156667E1	1.075865820E3	3.282996614E2
4.829825000E1	1.027471737E3	3.238076875E2
4.831493333E1	9.778350672E2	3.224981333E2
4.833161667E1	9.286422978E2	3.247981045E2
4.834830000E1	8.804528596E2	3.304812649E2
4.836498333E1	8.342008064E2	3.393850071E2
4.838166667E1	7.903522787E2	3.504191179E2
4.839835000E1	7.495950770E2	3.638328824E2
4.841503333E1	7.123084917E2	3.783093985E2
4.843171667E1	6.793481699E2	3.938728549E2
4.844840000E1	6.501549071E2	4.091487342E2
4.846508333E1	6.254188043E2	4.237368346E2
4.848176667E1	6.048574121E2	4.366050179E2
4.849845000E1	5.887172084E2	4.480299553E2
4.851513333E1	5.768828822E2	4.567512526E2
4.853181667E1	5.690098282E2	4.628178411E2
4.854850000E1	5.652055698E2	4.658435367E2
4.856518333E1	5.654929804E2	4.657663748E2
4.858186667E1	5.703099151E2	4.621960466E2
4.859855000E1	5.790356594E2	4.557584244E2
4.861523333E1	5.920508513E2	4.462524524E2
4.863191667E1	6.091863687E2	4.345782773E2
4.864860000E1	6.306605272E2	4.213017052E2
4.866528333E1	6.562565809E2	4.065337446E2
4.868196667E1	6.860316637E2	3.909419499E2
4.869865000E1	7.202150068E2	3.756949687E2
4.871533333E1	7.579286736E2	3.612645371E2
4.873201667E1	7.992351883E2	3.483740138E2
4.874870000E1	8.430691437E2	3.376153230E2
4.876538333E1	8.888889433E2	3.297742277E2
4.878206667E1	9.358484250E2	3.246207902E2
4.879875000E1	9.831632806E2	3.228860214E2
4.881543333E1	1.030004910E3	3.244597608E2
4.883211667E1	1.075829789E3	3.287449199E2
4.884880000E1	1.119815177E3	3.360513186E2
4.886548333E1	1.161041566E3	3.455125682E2
4.888216667E1	1.199571843E3	3.566480499E2
4.889885000E1	1.234021096E3	3.690632297E2
4.891553333E1	1.264888349E3	3.820095655E2
4.893221667E1	1.291861365E3	3.946509478E2
4.894890000E1	1.314235125E3	4.064090977E2
4.896558333E1	1.332763605E3	4.169464044E2
4.898226667E1	1.346949093E3	4.252570916E2
4.899895000E1	1.356986692E3	4.315227791E2
4.901563333E1	1.362995406E3	4.352378308E2
4.903231667E1	1.364877880E3	4.366026919E2
4.904900000E1	1.362232731E3	4.350097502E2
4.906568333E1	1.355499641E3	4.308194073E2
4.908236667E1	1.344252567E3	4.235279355E2
4.909905000E1	1.329156801E3	4.149890188E2
4.911573333E1	1.309852494E3	4.042421632E2
4.913241667E1	1.286453167E3	3.918608874E2
4.914910000E1	1.258830073E3	3.792663170E2
4.916578333E1	1.227363191E3	3.666981914E2
4.918246667E1	1.191984893E3	3.548465595E2
4.919915000E1	1.153213257E3	3.439616646E2
4.921583333E1	1.112065106E3	3.351070262E2
4.923251667E1	1.068689390E3	3.287412304E2
4.924920000E1	1.024120171E3	3.250168712E2
4.926588333E1	9.788012293E2	3.241636106E2
4.928256667E1	9.336560459E2	3.262164635E2
4.929925000E1	8.896844627E2	3.310144981E2
4.931593333E1	8.470921904E2	3.385016456E2
4.933261667E1	8.068790284E2	3.479504949E2
4.934930000E1	7.691655259E2	3.593225188E2
4.936598333E1	7.348131662E2	3.717774813E2
4.938266667E1	7.035972862E2	3.848339886E2
4.939935000E1	6.768004607E2	3.979172230E2
4.941603333E1	6.535331917E2	4.102553704E2
4.943271667E1	6.343346864E2	4.215366285E2
4.944940000E1	6.190930755E2	4.307591181E2
4.946608333E1	6.078287233E2	4.381261559E2
4.948276667E1	6.007844443E2	4.430051387E2
4.949945000E1	5.974324783E2	4.452317525E2
4.951613333E1	5.980882418E2	4.449151979E2
4.953281667E1	6.029586145E2	4.413984371E2
4.954950000E1	6.117644148E2	4.354651330E2
4.956618333E1	6.244439118E2	4.272676641E2
4.958286667E1	6.410181951E2	4.172078619E2
4.959955000E1	6.615333916E2	4.054999311E2
4.961623333E1	6.859300253E2	3.930467238E2
4.963291667E1	7.143270151E2	3.800234041E2
4.964960000E1	7.461973108E2	3.671262547E2
4.966628333E1	7.816418898E2	3.550294473E2
4.968296667E1	8.199982196E2	3.444028681E2
4.969965000E1	8.602609399E2	3.353095694E2
4.971633333E1	9.024342583E2	3.288689702E2
4.973301667E1	9.456985133E2	3.249344472E2
4.974970000E1	9.885460213E2	3.233522412E2
4.976638333E1	1.031676515E3	3.249516976E2
4.978306667E1	1.073635880E3	3.290268337E2
4.979975000E1	1.113773323E3	3.350794829E2
4.981643333E1	1.151642457E3	3.431481556E2
4.983311667E1	1.186424580E3	3.527950215E2
4.984980000E1	1.218114044E3	3.630874478E2
4.986648333E1	1.246262532E3	3.737694855E2
4.988316667E1	1.271142148E3	3.847309820E2
4.989985000E1	1.291991922E3	3.946629725E2
4.991653333E1	1.308279386E3	4.030686979E2
4.993321667E1	1.321105758E3	4.100717874E2
4.994990000E1	1.329953516E3	4.151135511E2
4.996658333E1	1.334559316E3	4.175897814E2
4.998326667E1	1.335195588E3	4.183166890E2
4.999995000E1	1.332081744E3	4.164115429E2
5.001663333E1	1.324899660E3	4.122947236E2
5.003331667E1	1.313788897E3	4.062060871E2
5.005000000E1	1.298580037E3	3.981402014E2
5.006668333E1	1.279753293E3	3.891314803E2
5.008336667E1	1.257065804E3	3.787509694E2
5.010005000E1	1.230306031E3	3.680924806E2
5.011673333E1	1.200240825E3	3.577010360E2
5.013341667E1	1.166887724E3	3.479445249E2
5.015010000E1	1.130840518E3	3.392220276E2
5.016678333E1	1.092593873E3	3.321938369E2
5.018346667E1	1.052549861E3	3.270596587E2
5.020015000E1	1.011243776E3	3.245657805E2
5.021683333E1	9.699293609E2	3.243620524E2
5.023351667E1	9.285511296E2	3.264088910E2
5.025020000E1	8.881519495E2	3.312161401E2
5.026688333E1	8.497651447E2	3.380700980E2
5.028356667E1	8.133983352E2	3.463151897E2
5.030025000E1	7.790650381E2	3.561828704E2
5.031693333E1	7.478318205E2	3.669562626E2
5.033361667E1	7.199572643E2	3.780807453E2
5.035030000E1	6.955017196E2	3.888365038E2
5.036698333E1	6.745847829E2	3.992164415E2
5.038366667E1	6.573489410E2	4.081757007E2
5.040035000E1	6.439461412E2	4.157596076E2
5.041703333E1	6.344949748E2	4.214909758E2
5.043371667E1	6.284324844E2	4.249635965E2
5.045040000E1	6.263306237E2	4.262106678E2
5.046708333E1	6.280810827E2	4.250855448E2
5.048376667E1	6.338446371E2	4.217042890E2
5.050045000E1	6.433148072E2	4.161123088E2
5.051713333E1	6.561731172E2	4.089151482E2
5.053381667E1	6.729121085E2	3.999484268E2
5.055050000E1	6.933681009E2	3.899731537E2
5.056718333E1	7.172592669E2	3.791291028E2
5.058386667E1	7.445297132E2	3.682057404E2
5.060055000E1	7.751284662E2	3.575915829E2
5.061723333E1	8.084451980E2	3.479115592E2
5.063391667E1	8.441104809E2	3.394058136E2
5.065060000E1	8.817027718E2	3.322107107E2
5.066728333E1	9.203561476E2	3.273438356E2
5.068396667E1	9.599658861E2	3.246439332E2
5.070065000E1	9.995621504E2	3.242065423E2
5.071733333E1	1.038246918E3	3.259222301E2
5.073401667E1	1.076096285E3	3.298858759E2
5.075070000E1	1.112215563E3	3.356820384E2
5.076738333E1	1.146112705E3	3.426719440E2
5.078406667E1	1.177514827E3	3.509686806E2
5.080075000E1	1.205780179E3	3.598872639E2
5.081743333E1	1.230719849E3	3.689871350E2
5.083411667E1	1.252274313E3	3.775006505E2
5.085080000E1	1.270267719E3	3.851857432E2
5.086748333E1	1.284660505E3	3.920582372E2
5.088416667E1	1.295437907E3	3.971929852E2
5.090085000E1	1.302272859E3	4.009001988E2
5.091753333E1	1.305312574E3	4.024891904E2
5.093421667E1	1.304807303E3	4.020845019E2
5.095090000E1	1.300503909E3	3.998135669E2
5.096758333E1	1.292119518E3	3.959878922E2
5.098426667E1	1.280087066E3	3.901927932E2
5.100095000E1	1.264514275E3	3.830245038E2
5.101763333E1	1.245660257E3	3.751901142E2
5.103431667E1	1.223114369E3	3.661600417E2
5.105100000E1	1.197257437E3	3.572434343E2
5.106768333E1	1.168313309E3	3.486905794E2
5.108436667E1	1.136586823E3	3.410732905E2
5.110105000E1	1.102716635E3	3.344296365E2
5.111773333E1	1.067140865E3	3.291787180E2
5.113441667E1	1.030121520E3	3.258852222E2
5.115110000E1	9.923987482E2	3.247653137E2
5.116778333E1	9.544403425E2	3.253765317E2
5.118446667E1	9.169264601E2	3.282044247E2
5.120115000E1	8.807414220E2	3.329998822E2
5.121783333E1	8.461763139E2	3.392247471E2
5.123451667E1	8.137119276E2	3.469125772E2
5.125120000E1	7.832162178E2	3.553919583E2
5.126788333E1	7.555337887E2	3.648149843E2
5.128456667E1	7.307918075E2	3.741531560E2
5.130125000E1	7.093047104E2	3.829885819E2
5.131793333E1	6.912563158E2	3.912429853E2
5.133461667E1	6.768995820E2	3.986731876E2
5.135130000E1	6.656416781E2	4.045295312E2
5.136798333E1	6.586597264E2	4.084755394E2
5.138466667E1	6.548022472E2	4.105120175E2
5.140135000E1	6.547052436E2	4.106623862E2
5.141803333E1	6.579985135E2	4.090357477E2
5.143471667E1	6.650735553E2	4.051625091E2
5.145140000E1	6.752818580E2	3.997727176E2
5.146808333E1	6.891056965E2	3.930531278E2
5.148476667E1	7.064666637E2	3.850518963E2
5.150145000E1	7.268934389E2	3.762586996E2
5.151813333E1	7.507981410E2	3.670736764E2
5.153481667E1	7.773020721E2	3.578027015E2
5.155150000E1	8.068217601E2	3.491102458E2
5.156818333E1	8.386743365E2	3.412950008E2
5.158486667E1	8.723908579E2	3.348099215E2
5.160155000E1	9.070711957E2	3.295985669E2
5.161823333E1	9.429758246E2	3.266138336E2
5.163491667E1	9.790499600E2	3.251982131E2
5.165160000E1	1.014931871E3	3.254556251E2
5.166828333E1	1.049876733E3	3.275120855E2
5.168496667E1	1.084145283E3	3.313568901E2
5.170165000E1	1.116445844E3	3.367757644E2
5.171833333E1	1.146311616E3	3.430621652E2
5.173501667E1	1.174017853E3	3.505711700E2
5.175170000E1	1.198366857E3	3.573597613E2
5.176838333E1	1.220157537E3	3.649747021E2
5.178506667E1	1.238524156E3	3.717941188E2
5.180175000E1	1.253905073E3	3.781179927E2
5.181843333E1	1.265622834E3	3.832874745E2
5.183511667E1	1.273991985E3	3.869656079E2
5.185180000E1	1.278280884E3	3.889905881E2
5.186848333E1	1.279682825E3	3.894535970E2
5.188516667E1	1.277159630E3	3.884059735E2
5.190185000E1	1.271066934E3	3.853831469E2
5.191853333E1	1.261675182E3	3.812379456E2
5.193521667E1	1.248830184E3	3.759697657E2
5.195190000E1	1.232971689E3	3.696209150E2
5.196858333E1	1.213281214E3	3.625763612E2
5.198526667E1	1.190988070E3	3.551427949E2
5.200195000E1	1.165527944E3	3.478320788E2
5.201863333E1	1.137480629E3	3.410052443E2
5.203531667E1	1.107164805E3	3.350541587E2
5.205200000E1	1.075196753E3	3.302188737E2
5.206868333E1	1.041973686E3	3.268646194E2
5.208536667E1	1.007862053E3	3.251997397E2
5.210205000E1	9.733796994E2	3.250706576E2
5.211873333E1	9.391001468E2	3.269166294E2
5.213541667E1	9.052131443E2	3.301440868E2
5.215210000E1	8.729321407E2	3.349314623E2
5.216878333E1	8.423555072E2	3.409674019E2
5.218546667E1	8.133691418E2	3.477898393E2
5.220215000E1	7.868237508E2	3.554729845E2
5.221883333E1	7.629088706E2	3.631737238E2
5.223551667E1	7.417451785E2	3.709805544E2
5.225220000E1	7.237659877E2	3.782331300E2
5.226888333E1	7.090917863E2	3.846766687E2
5.228556667E1	6.972885100E2	3.899237803E2
5.230225000E1	6.890031386E2	3.940484822E2
5.231893333E1	6.840462421E2	3.964252731E2
5.233561667E1	6.823403125E2	3.971268728E2
5.235230000E1	6.840419721E2	3.962023819E2
5.236898333E1	6.891932210E2	3.938836398E2
5.238566667E1	6.978988661E2	3.899397545E2
5.240235000E1	7.092726516E2	3.843050636E2
5.241903333E1	7.240295377E2	3.781124298E2
5.243571667E1	7.418902183E2	3.709928552E2
5.245240000E1	7.624502312E2	3.634176866E2
5.246908333E1	7.860559646E2	3.557193339E2
5.248576667E1	8.119958987E2	3.482450094E2
5.250245000E1	8.401030894E2	3.412709261E2
5.251913333E1	8.701052592E2	3.353920501E2
5.253581667E1	9.018569866E2	3.307476988E2
5.255250000E1	9.339600678E2	3.272501696E2
5.256918333E1	9.664520057E2	3.252101579E2
5.258586667E1	9.996298436E2	3.251206730E2
5.260255000E1	1.031927227E3	3.263522697E2
5.261923333E1	1.063295031E3	3.288950535E2
5.263591667E1	1.093173406E3	3.329256772E2
5.265260000E1	1.121508965E3	3.376794769E2
5.266928333E1	1.147309150E3	3.434890243E2
5.268596667E1	1.171021351E3	3.494829030E2
5.270265000E1	1.191870610E3	3.554273957E2
5.271933333E1	1.210176613E3	3.612415410E2
5.273601667E1	1.225230223E3	3.667966847E2
5.275270000E1	1.237078782E3	3.711382200E2
5.276938333E1	1.245859540E3	3.749009442E2
5.278606667E1	1.251249797E3	3.770276035E2
5.280275000E1	1.253198552E3	3.775226091E2
5.281943333E1	1.252113170E3	3.771535347E2
5.283611667E1	1.247452452E3	3.751929951E2
5.285280000E1	1.239979550E3	3.726108348E2
5.286948333E1	1.229008869E3	3.685672641E2
5.288616667E1	1.215115297E3	3.631193786E2
5.290285000E1	1.198361116E3	3.573124543E2
5.291953333E1	1.178619870E3	3.513635911E2
5.293621667E1	1.156205920E3	3.452418051E2
5.295290000E1	1.131296064E3	3.393071746E2
5.296958333E1	1.104818599E3	3.347314266E2
5.298626667E1	1.076138881E3	3.303327869E2
5.300295000E1	1.046244266E3	3.270760430E2
5.301963333E1	1.015364188E3	3.252554417E2
5.303631667E1	9.841520308E2	3.249202818E2
5.305300000E1	9.527259564E2	3.257969331E2
5.306968333E1	9.218140850E2	3.280680625E2
5.308636667E1	8.917322713E2	3.315566016E2
5.310305000E1	8.632861729E2	3.360999677E2
5.311973333E1	8.365448412E2	3.416925361E2
5.313641667E1	8.117755337E2	3.479498494E2
5.315310000E1	7.887827855E2	3.542718745E2
5.316978333E1	7.688879761E2	3.606878413E2
5.318646667E1	7.512829007E2	3.669859190E2
5.320315000E1	7.367710937E2	3.726805226E2
5.321983333E1	7.249859770E2	3.773528591E2
5.323651667E1	7.162333177E2	3.810747865E2
5.325320000E1	7.106799641E2	3.833860589E2
5.326988333E1	7.084423385E2	3.847142786E2
5.328656667E1	7.089930563E2	3.844386718E2
5.330325000E1	7.129839665E2	3.827177988E2
5.331993333E1	7.199391888E2	3.796631131E2
5.333661667E1	7.299545787E2	3.758879819E2
5.335330000E1	7.427333173E2	3.709486947E2
5.336998333E1	7.582920721E2	3.651270311E2
5.338666667E1	7.764554987E2	3.589680975E2
5.340335000E1	7.970900472E2	3.528008162E2
5.342003333E1	8.202114267E2	3.466616749E2
5.343671667E1	8.452971411E2	3.408961051E2
5.345340000E1	8.719596251E2	3.353652319E2
5.347008333E1	9.001695922E2	3.311147989E2
5.348676667E1	9.292962698E2	3.279473198E2
5.350345000E1	9.585088186E2	3.259169662E2
5.352013333E1	9.882457241E2	3.252359293E2
5.353681667E1	1.017861173E3	3.259590463E2
5.355350000E1	1.046256828E3	3.275644292E2
5.357018333E1	1.074090848E3	3.305485256E2
5.358686667E1	1.100163893E3	3.340102207E2
5.360355000E1	1.124309954E3	3.382986144E2
5.362023333E1	1.146443837E3	3.432146196E2
5.363691667E1	1.166270115E3	3.481585262E2
5.365360000E1	1.183849395E3	3.532129377E2
5.367028333E1	1.198213818E3	3.577546566E2
5.368696667E1	1.210057507E3	3.617372582E2
5.370365000E1	1.218389326E3	3.645440889E2
5.372033333E1	1.224179902E3	3.665688247E2
5.373701667E1	1.226987368E3	3.677507143E2
5.375370000E1	1.226626703E3	3.678272175E2
5.377038333E1	1.223224635E3	3.662822351E2
5.378706667E1	1.216860659E3	3.641503915E2
5.380375000E1	1.207421862E3	3.608516097E2
5.382043333E1	1.195129803E3	3.569749182E2
5.383711667E1	1.180185854E3	3.523867890E2
5.385380000E1	1.162978734E3	3.477951978E2
5.387048333E1	1.143100176E3	3.428313987E2
5.388716667E1	1.121034030E3	3.380960177E2
5.390385000E1	1.097017215E3	3.339503457E2
5.392053333E1	1.071153859E3	3.301930392E2
5.393721667E1	1.044665895E3	3.278261057E2
5.395390000E1	1.016989258E3	3.260425434E2
5.397058333E1	9.889172424E2	3.258106799E2
5.398726667E1	9.603434623E2	3.262005382E2
5.400395000E1	9.323356168E2	3.280553136E2
5.402063333E1	9.050343178E2	3.306232635E2
5.403731667E1	8.786346113E2	3.344636355E2
5.405400000E1	8.541751107E2	3.389234837E2
5.407068333E1	8.312823990E2	3.439339916E2
5.408736667E1	8.100712569E2	3.493512972E2
5.410405000E1	7.912672324E2	3.545017790E2
5.412073333E1	7.750303671E2	3.597830400E2
5.413741667E1	7.610347841E2	3.642987666E2
5.415410000E1	7.498470948E2	3.682435348E2
5.417078333E1	7.417797027E2	3.717166080E2
5.418746667E1	7.362777204E2	3.739421160E2
5.420415000E1	7.337643390E2	3.749095135E2
5.422083333E1	7.341295881E2	3.748849883E2
5.423751667E1	7.373455462E2	3.737447381E2
5.425420000E1	7.432692022E2	3.714250224E2
5.427088333E1	7.521565891E2	3.680844367E2
5.428756667E1	7.638172583E2	3.640477507E2
5.430425000E1	7.778053947E2	3.593819913E2
5.432093333E1	7.940786229E2	3.541740814E2
5.433761667E1	8.127739417E2	3.489570754E2
5.435430000E1	8.337353911E2	3.438079268E2
5.437098333E1	8.562173844E2	3.389863029E2
5.438766667E1	8.802557273E2	3.345382140E2
5.440435000E1	9.058461516E2	3.309372877E2
5.442103333E1	9.319710026E2	3.282442575E2
5.443771667E1	9.582928198E2	3.263153544E2
5.445440000E1	9.855998100E2	3.258722613E2
5.447108333E1	1.012130806E3	3.260831498E2
5.448776667E1	1.038120596E3	3.274745182E2
5.450445000E1	1.063187757E3	3.295597962E2
5.452113333E1	1.086841859E3	3.322659507E2
5.453781667E1	1.109199584E3	3.358452264E2
5.455450000E1	1.129435643E3	3.398319332E2
5.457118333E1	1.147450923E3	3.439577058E2
5.458786667E1	1.163241455E3	3.479612626E2
5.460455000E1	1.176882650E3	3.517911465E2
5.462123333E1	1.187351511E3	3.544737142E2
5.463791667E1	1.195482188E3	3.571511695E2
5.465460000E1	1.200991187E3	3.589095452E2
5.467128333E1	1.203404691E3	3.598814578E2
5.468796667E1	1.203201331E3	3.599625553E2
5.470465000E1	1.200220573E3	3.587840479E2
5.472133333E1	1.194364144E3	3.570614663E2
5.473801667E1	1.185977417E3	3.545803286E2
5.475470000E1	1.174892025E3	3.514875207E2
5.477138333E1	1.161409478E3	3.478158624E2
5.478806667E1	1.145668584E3	3.440954904E2
5.480475000E1	1.127947553E3	3.400518332E2
5.482143333E1	1.107986715E3	3.362527399E2
5.483811667E1	1.086385139E3	3.327983957E2
5.485480000E1	1.063302790E3	3.300222764E2
5.487148333E1	1.039213105E3	3.279214013E2
5.488816667E1	1.014115495E3	3.265006359E2
5.490485000E1	9.889134037E2	3.261258625E2
5.492153333E1	9.632703233E2	3.263916978E2
5.493821667E1	9.381309833E2	3.280133403E2
5.495490000E1	9.134366993E2	3.301959913E2
5.497158333E1	8.899556736E2	3.336451795E2
5.498826667E1	8.676222413E2	3.373796252E2
5.500495000E1	8.470369074E2	3.412527381E2
5.502163333E1	8.280117295E2	3.454483704E2
5.503831667E1	8.109733273E2	3.498575982E2
5.505500000E1	7.960748652E2	3.540674927E2
5.507168333E1	7.835037668E2	3.579192520E2
5.508836667E1	7.732282197E2	3.612251092E2
5.510505000E1	7.655360239E2	3.637863318E2
5.512173333E1	7.608084359E2	3.658044787E2
5.513841667E1	7.582378633E2	3.663227063E2
5.515510000E1	7.585773455E2	3.661619359E2
5.517178333E1	7.613279468E2	3.652256523E2
5.518846667E1	7.670108248E2	3.633092343E2
5.520515000E1	7.750438974E2	3.604670612E2
5.522183333E1	7.852883406E2	3.570749868E2
5.523851667E1	7.981029525E2	3.532937106E2
5.525520000E1	8.130625020E2	3.491102995E2
5.527188333E1	8.299137424E2	3.449463382E2
5.528856667E1	8.488014370E2	3.408790954E2
5.530525000E1	8.690953456E2	3.368714678E2
5.532193333E1	8.907221135E2	3.331834516E2
5.533861667E1	9.132676955E2	3.303526018E2
5.535530000E1	9.369198382E2	3.280064689E2
5.537198333E1	9.607204459E2	3.265655240E2
5.538866667E1	9.849187797E2	3.259900366E2
5.540535000E1	1.008726349E3	3.260884717E2
5.542203333E1	1.031752175E3	3.271543724E2
5.543871667E1	1.054295386E3	3.287388035E2
5.545540000E1	1.075299743E3	3.311323538E2
5.547208333E1	1.095173718E3	3.339466735E2
5.548876667E1	1.113219533E3	3.370199664E2
5.550545000E1	1.129318328E3	3.401282265E2
5.552213333E1	1.143364945E3	3.431870761E2
5.553881667E1	1.155256503E3	3.461058447E2
5.555550000E1	1.165091480E3	3.486036917E2
5.557218333E1	1.172469439E3	3.507252369E2
5.558886667E1	1.177000036E3	3.520606638E2
5.560555000E1	1.179171405E3	3.526613384E2
5.562223333E1	1.178990424E3	3.528850908E2
5.563891667E1	1.176060781E3	3.519438985E2
5.565560000E1	1.170726052E3	3.505749387E2
5.567228333E1	1.163014008E3	3.481880928E2
5.568896667E1	1.153072395E3	3.459125807E2
5.570565000E1	1.140980051E3	3.430413320E2
5.572233333E1	1.126874474E3	3.400321850E2
5.573901667E1	1.110709503E3	3.369839358E2
5.575570000E1	1.092920005E3	3.341009362E2
5.577238333E1	1.073219373E3	3.313639778E2
5.578906667E1	1.052913314E3	3.291223468E2
5.580575000E1	1.031173382E3	3.275107304E2
5.582243333E1	1.009086506E3	3.265923846E2
5.583911667E1	9.867797872E2	3.266618038E2
5.585580000E1	9.638488061E2	3.271139734E2
5.587248333E1	9.413911231E2	3.283368606E2
5.588916667E1	9.194367841E2	3.301154823E2
5.590585000E1	8.988242723E2	3.326699673E2
5.592253333E1	8.789224479E2	3.356131511E2
5.593921667E1	8.607676576E2	3.391775212E2
5.595590000E1	8.436591190E2	3.425510691E2
5.597258333E1	8.289532860E2	3.459373937E2
5.598926667E1	8.154841088E2	3.491784977E2
5.600595000E1	8.046977145E2	3.523222962E2
5.602263333E1	7.955119376E2	3.546429918E2
5.603931667E1	7.890191939E2	3.569392504E2
5.605600000E1	7.849273529E2	3.582173424E2
5.607268333E1	7.830270494E2	3.588533360E2
5.608936667E1	7.833542504E2	3.587376390E2
5.610605000E1	7.864998843E2	3.577137775E2
5.612273333E1	7.913149124E2	3.561720522E2
5.613941667E1	7.990000692E2	3.541010393E2
5.615610000E1	8.085716297E2	3.513137303E2
5.617278333E1	8.199545814E2	3.482081379E2
5.618946667E1	8.333322185E2	3.449300760E2
5.620615000E1	8.484700998E2	3.414368826E2
5.622283333E1	8.650891196E2	3.380736915E2
5.623951667E1	8.832878003E2	3.349839628E2
5.625620000E1	9.026150449E2	3.322006645E2
5.627288333E1	9.229423371E2	3.300218148E2
5.628956667E1	9.432997544E2	3.281757085E2
5.630625000E1	9.648229711E2	3.271429686E2
5.632293333E1	9.860347807E2	3.267929690E2
5.633961667E1	1.007083518E3	3.270772646E2
5.635630000E1	1.027349268E3	3.278050772E2
5.637298333E1	1.047049189E3	3.291614590E2
5.638966667E1	1.065510355E3	3.308794305E2
5.640635000E1	1.083008910E3	3.330679390E2
5.642303333E1	1.098928203E3	3.352651005E2
5.643971667E1	1.113142131E3	3.378412986E2
5.645640000E1	1.125324577E3	3.402258194E2
5.647308333E1	1.135488442E3	3.422187187E2
5.648976667E1	1.144018783E3	3.441465969E2
5.650645000E1	1.150400586E3	3.457807347E2
5.652313333E1	1.154186289E3	3.466887157E2
5.653981667E1	1.155796792E3	3.471471574E2
5.655650000E1	1.155119759E3	3.470672427E2
5.657318333E1	1.152123740E3	3.462489023E2
5.658986667E1	1.147120068E3	3.450976902E2
5.660655000E1	1.139935378E3	3.432595343E2
5.662323333E1	1.130876601E3	3.412539497E2
5.663991667E1	1.119780281E3	3.390935145E2
5.665660000E1	1.106996196E3	3.369665356E2
5.667328333E1	1.092498880E3	3.346195674E2
5.668996667E1	1.076280407E3	3.324295577E2
5.670665000E1	1.059053565E3	3.304973917E2
5.672333333E1	1.041001875E3	3.288488204E2
5.674001667E1	1.021922203E3	3.277303648E2
5.675670000E1	1.002291208E3	3.271488425E2
5.677338333E1	9.823238551E2	3.270203246E2
5.679006667E1	9.621867310E2	3.274883950E2
5.680675000E1	9.425839156E2	3.286931581E2
5.682343333E1	9.235451887E2	3.303294479E2
5.684011667E1	9.050037083E2	3.322445716E2
5.685680000E1	8.878758345E2	3.346865696E2
5.687348333E1	8.717624254E2	3.372480605E2
5.689016667E1	8.574087615E2	3.398952509E2
5.690685000E1	8.441171912E2	3.427903818E2
5.692353333E1	8.326165365E2	3.453668589E2
5.694021667E1	8.231747455E2	3.474732426E2
5.695690000E1	8.156231400E2	3.493282620E2
5.697358333E1	8.102682545E2	3.509783432E2
5.699026667E1	8.068729692E2	3.518669698E2
5.700695000E1	8.055457014E2	3.522609241E2
5.702363333E1	8.062808249E2	3.520174873E2
5.704031667E1	8.091565109E2	3.511293907E2
5.705700000E1	8.141603085E2	3.498947907E2
5.707368333E1	8.211374630E2	3.480623400E2
5.709036667E1	8.298553511E2	3.459980161E2
5.710705000E1	8.402815879E2	3.434796299E2
5.712373333E1	8.523812998E2	3.408323420E2
5.714041667E1	8.660667281E2	3.382172329E2
5.715710000E1	8.810601831E2	3.356884922E2
5.717378333E1	8.970638715E2	3.333264005E2
5.719046667E1	9.141327133E2	3.311277507E2
5.720715000E1	9.319192375E2	3.293094151E2
5.722383333E1	9.500775916E2	3.279965768E2
5.724051667E1	9.685216120E2	3.271675910E2
5.725720000E1	9.871279992E2	3.269258170E2
5.727388333E1	1.005307071E3	3.270768239E2
5.729056667E1	1.023063221E3	3.276278761E2
5.730725000E1	1.040097871E3	3.288534844E2
5.732393333E1	1.056125500E3	3.302196589E2
5.734061667E1	1.071150720E3	3.318635224E2
5.735730000E1	1.084888526E3	3.337564251E2
5.737398333E1	1.097075862E3	3.357625915E2
5.739066667E1	1.107501888E3	3.374577692E2
5.740735000E1	1.116297521E3	3.389943431E2
5.742403333E1	1.123119469E3	3.402956629E2
5.744071667E1	1.128146578E3	3.412238407E2
5.745740000E1	1.131143771E3	3.419849163E2
5.747408333E1	1.132075441E3	3.420936497E2
5.749076667E1	1.131049603E3	3.420049130E2
5.750745000E1	1.128066916E3	3.413085186E2
5.752413333E1	1.123157682E3	3.401802833E2
5.754081667E1	1.116381680E3	3.388697138E2
5.755750000E1	1.107966277E3	3.374248742E2
5.757418333E1	1.098070532E3	3.357899631E2
5.759086667E1	1.086290260E3	3.340921062E2
5.760755000E1	1.073782807E3	3.323442488E2
5.762423333E1	1.059733314E3	3.308254685E2
5.764091667E1	1.044243487E3	3.294413043E2
5.765760000E1	1.028225235E3	3.282658843E2
5.767428333E1	1.011949388E3	3.276924367E2
5.769096667E1	9.944234210E2	3.272907028E2
5.770765000E1	9.773695182E2	3.273296205E2
5.772433333E1	9.601348822E2	3.279234369E2
5.774101667E1	9.431950485E2	3.288623586E2
5.775770000E1	9.265972709E2	3.302595982E2
5.777438333E1	9.110460197E2	3.318522929E2
5.779106667E1	8.962192008E2	3.338658309E2
5.780775000E1	8.824649918E2	3.359194164E2
5.782443333E1	8.701536950E2	3.380227363E2
5.784111667E1	8.591624539E2	3.400259532E2
5.785780000E1	8.496940371E2	3.420480049E2
5.787448333E1	8.418985573E2	3.438676397E2
5.789116667E1	8.357190809E2	3.452627432E2
5.790785000E1	8.313389798E2	3.460897884E2
5.792453333E1	8.285455573E2	3.464277218E2
5.794121667E1	8.280546937E2	3.466382972E2
5.795790000E1	8.290552374E2	3.464000742E2
5.797458333E1	8.322218537E2	3.459187360E2
5.799126667E1	8.370946823E2	3.445916996E2
5.800795000E1	8.434518066E2	3.433022102E2
5.802463333E1	8.514956610E2	3.416035099E2
5.804131667E1	8.610165680E2	3.400039620E2
5.805800000E1	8.718257846E2	3.379908307E2
5.807468333E1	8.841570413E2	3.359686975E2
5.809136667E1	8.973213464E2	3.340153753E2
5.810805000E1	9.112071438E2	3.321323983E2
5.812473333E1	9.259783079E2	3.304082211E2
5.814141667E1	9.417829247E2	3.296608168E2
5.815810000E1	9.575120210E2	3.282649313E2
5.817478333E1	9.733546666E2	3.279398430E2
5.819146667E1	9.892270995E2	3.279164920E2
5.820815000E1	1.004947149E3	3.280661309E2
5.822483333E1	1.019988233E3	3.283197065E2
5.824151667E1	1.034544223E3	3.291509386E2
5.825820000E1	1.048038014E3	3.301423193E2
5.827488333E1	1.060771145E3	3.316425626E2
5.829156667E1	1.072151760E3	3.326592415E2
5.830825000E1	1.082173526E3	3.340808298E2
5.832493333E1	1.090917836E3	3.353827840E2
5.834161667E1	1.098060170E3	3.362349294E2
5.835830000E1	1.103590121E3	3.371663140E2
5.837498333E1	1.107537498E3	3.378352818E2
5.839166667E1	1.109288468E3	3.381317711E2
5.840835000E1	1.109460912E3	3.381515765E2
5.842503333E1	1.108109766E3	3.380121131E2
5.844171667E1	1.105019487E3	3.376527073E2
5.845840000E1	1.100187355E3	3.366808229E2
5.847508333E1	1.093985702E3	3.359894976E2
5.849176667E1	1.086150750E3	3.348076635E2
5.850845000E1	1.077186962E3	3.337501862E2
5.852513333E1	1.066828286E3	3.323622695E2
5.854181667E1	1.055351986E3	3.311576224E2
5.855850000E1	1.043048914E3	3.301629834E2
5.857518333E1	1.029692055E3	3.292723822E2
5.859186667E1	1.015954664E3	3.285390740E2
5.860855000E1	1.001808969E3	3.280863578E2
5.862523333E1	9.870770335E2	3.280554389E2
5.864191667E1	9.721713576E2	3.281124967E2
5.865860000E1	9.577072456E2	3.285616491E2
5.867528333E1	9.433746076E2	3.294184280E2
5.869196667E1	9.294585971E2	3.302718625E2
5.870865000E1	9.162944572E2	3.317032878E2
5.872533333E1	9.038756195E2	3.330874276E2
5.874201667E1	8.922411853E2	3.345577750E2
5.875870000E1	8.821779987E2	3.360912790E2
5.877538333E1	8.732375442E2	3.377290319E2
5.879206667E1	8.657210116E2	3.389959542E2
5.880875000E1	8.595665765E2	3.401406844E2
5.882543333E1	8.546908983E2	3.411407570E2
5.884211667E1	8.514779171E2	3.417935317E2
5.885880000E1	8.498628447E2	3.421797255E2
5.887548333E1	8.499991119E2	3.421469517E2
5.889216667E1	8.517159535E2	3.419557924E2
5.890885000E1	8.547326316E2	3.412422121E2
5.892553333E1	8.593414685E2	3.401742920E2
5.894221667E1	8.652354262E2	3.390819944E2
5.895890000E1	8.727785838E2	3.378730556E2
5.897558333E1	8.811389713E2	3.362556237E2
5.899226667E1	8.910142406E2	3.348813005E2
5.900895000E1	9.013696442E2	3.332495814E2
5.902563333E1	9.130272068E2	3.320314795E2
5.904231667E1	9.252169112E2	3.307871605E2
5.905900000E1	9.381689185E2	3.297716908E2
5.907568333E1	9.512616543E2	3.289635068E2
5.909236667E1	9.648283439E2	3.284005771E2
5.910905000E1	9.783651058E2	3.279992027E2
5.912573333E1	9.916069087E2	3.279882141E2
5.914241667E1	1.004767255E3	3.281075768E2
5.915910000E1	1.017260986E3	3.282980975E2
5.917578333E1	1.029216201E3	3.289315050E2
5.919246667E1	1.040340762E3	3.298623732E2
5.920915000E1	1.050440371E3	3.303645119E2
5.922583333E1	1.059501658E3	3.312923849E2
5.924251667E1	1.067384160E3	3.321004104E2
5.925920000E1	1.074128580E3	3.329570576E2
5.927588333E1	1.079596543E3	3.338793241E2
5.929256667E1	1.083740538E3	3.342662653E2
5.930925000E1	1.086173135E3	3.344748316E2
5.932593333E1	1.087246467E3	3.344677308E2
5.934261667E1	1.086802055E3	3.343224940E2
5.935930000E1	1.084999273E3	3.340889283E2
5.937598333E1	1.081698582E3	3.339147596E2
5.939266667E1	1.077085634E3	3.331896005E2
5.940935000E1	1.071109119E3	3.322197632E2
5.942603333E1	1.064232342E3	3.317036708E2
5.944271667E1	1.056084237E3	3.307225668E2
5.945940000E1	1.047083061E3	3.300991225E2
5.947608333E1	1.037078823E3	3.292496578E2
5.949276667E1	1.026615958E3	3.287485145E2
5.950945000E1	1.015240647E3	3.281730484E2
5.952613333E1	1.003535046E3	3.278917101E2
5.954281667E1	9.913205008E2	3.278384406E2
5.955950000E1	9.791372491E2	3.279720746E2
5.957618333E1	9.669681773E2	3.281791129E2
5.959286667E1	9.549381518E2	3.285544656E2
5.960955000E1	9.431276061E2	3.292481442E2
5.962623333E1	9.319286392E2	3.301206419E2
5.964291667E1	9.212397568E2	3.310812223E2
5.965960000E1	9.112443156E2	3.320659117E2
5.967628333E1	9.023988472E2	3.332524876E2
5.969296667E1	8.942862706E2	3.342343270E2
5.970965000E1	8.872433189E2	3.351881001E2
5.972633333E1	8.815234978E2	3.360446273E2
5.974301667E1	8.770990135E2	3.369140270E2
5.975970000E1	8.735065588E2	3.372331105E2
5.977638333E1	8.713335968E2	3.375162232E2
5.979306667E1	8.709885413E2	3.373966659E2
5.980975000E1	8.714550125E2	3.371570766E2
5.982643333E1	8.733710737E2	3.370145092E2
5.984311667E1	8.770460782E2	3.366615486E2
5.985980000E1	8.812231873E2	3.357337710E2
5.987648333E1	8.870258712E2	3.350569480E2
5.989316667E1	8.933415855E2	3.340369748E2
5.990985000E1	9.010706245E2	3.330882162E2
5.992653333E1	9.093465228E2	3.319283046E2
5.994321667E1	9.189217808E2	3.310546381E2
5.995990000E1	9.288235373E2	3.301077407E2
5.997658333E1	9.390704388E2	3.291673729E2
5.999326667E1	9.494810105E2	3.283065263E2
6.000995000E1	9.608570335E2	3.279894363E2
6.002663333E1	9.716637335E2	3.278064638E2
6.004331667E1	9.829845400E2	3.277399751E2
6.006000000E1	9.936377852E2	3.278338628E2
6.007668333E1	1.004436109E3	3.279492803E2
6.009336667E1	1.014208307E3	3.281390874E2
6.011005000E1	1.023706043E3	3.283619388E2
6.012673333E1	1.032372218E3	3.289654713E2
6.014341667E1	1.040198837E3	3.297212408E2
6.016010000E1	1.047086293E3	3.301139721E2
6.017678333E1	1.052989516E3	3.305318425E2
6.019346667E1	1.057912142E3	3.309799505E2
6.021015000E1	1.061642406E3	3.314160745E2
6.022683333E1	1.064119112E3	3.314763465E2
6.024351667E1	1.065568097E3	3.313710414E2
6.026020000E1	1.065575976E3	3.312612254E2
6.027688333E1	1.064198113E3	3.311323723E2
6.029356667E1	1.062052930E3	3.310706803E2
6.031025000E1	1.058855876E3	3.309117832E2
6.032693333E1	1.054300514E3	3.304423385E2
6.034361667E1	1.049048843E3	3.299335890E2
6.036030000E1	1.042770996E3	3.295107741E2
6.037698333E1	1.035965464E3	3.290330403E2
6.039366667E1	1.028199361E3	3.284265289E2
6.041035000E1	1.020032423E3	3.280487554E2
6.042703333E1	1.011215136E3	3.278521558E2
6.044371667E1	1.002066451E3	3.276866823E2
6.046040000E1	9.923893508E2	3.276541380E2
6.047708333E1	9.827303464E2	3.279020280E2
6.049376667E1	9.730079375E2	3.280255879E2
6.051045000E1	9.632520312E2	3.281630741E2
6.052713333E1	9.538701465E2	3.283823277E2
6.054381667E1	9.448977095E2	3.290621542E2
6.056050000E1	9.363475538E2	3.298366311E2
6.057718333E1	9.281200523E2	3.302688570E2
6.059386667E1	9.207103328E2	3.310760474E2
6.061055000E1	9.141314285E2	3.318132605E2
6.062723333E1	9.081690931E2	3.323065422E2
6.064391667E1	9.033867207E2	3.328488480E2
6.066060000E1	8.992232884E2	3.334645389E2
6.067728333E1	8.963729266E2	3.338817406E2
6.069396667E1	8.942822609E2	3.340748221E2
6.071065000E1	8.935987204E2	3.342070663E2
6.072733333E1	8.939981380E2	3.341456531E2
6.074401667E1	8.953248401E2	3.340204047E2
6.076070000E1	8.976918481E2	3.339263142E2
6.077738333E1	9.008811550E2	3.334965886E2
6.079406667E1	9.051329767E2	3.328768654E2
6.081075000E1	9.100269108E2	3.321501309E2
6.082743333E1	9.159221867E2	3.316054063E2
6.084411667E1	9.222293455E2	3.310640821E2
6.086080000E1	9.292721194E2	3.302493802E2
6.087748333E1	9.370872126E2	3.298346120E2
6.089416667E1	9.450618032E2	3.291210521E2
6.091085000E1	9.533201848E2	3.285912220E2
6.092753333E1	9.616625670E2	3.284565473E2
6.094421667E1	9.702768782E2	3.281012154E2
6.096090000E1	9.789833694E2	3.280164123E2
6.097758333E1	9.872796602E2	3.279463574E2
6.099426667E1	9.952279047E2	3.279941237E2
6.101095000E1	1.003111822E3	3.280331097E2
6.102763333E1	1.010584740E3	3.281674432E2
6.104431667E1	1.017241740E3	3.281792535E2
6.106100000E1	1.023304146E3	3.282706420E2
6.107768333E1	1.029069160E3	3.285821329E2
6.109436667E1	1.033588656E3	3.291280698E2
6.111105000E1	1.037752316E3	3.292147849E2
6.112773333E1	1.040837881E3	3.295244513E2
6.114441667E1	1.042992954E3	3.294898615E2
6.116110000E1	1.044170501E3	3.295886305E2
6.117778333E1	1.044284427E3	3.297092164E2
6.119446667E1	1.043540388E3	3.297322324E2
6.121115000E1	1.041897944E3	3.298141082E2
6.122783333E1	1.039260250E3	3.295596778E2
6.124451667E1	1.036013368E3	3.292362064E2
6.126120000E1	1.032039144E3	3.290477160E2
6.127788333E1	1.027192570E3	3.289193399E2
6.129456667E1	1.022030916E3	3.287509354E2
6.131125000E1	1.016142296E3	3.284636516E2
6.132793333E1	1.009985973E3	3.281264373E2
6.134461667E1	1.003288808E3	3.280012579E2
6.136130000E1	9.962896997E2	3.279130697E2
6.137798333E1	9.891485817E2	3.279844572E2
6.139466667E1	9.819265705E2	3.280485854E2
6.141135000E1	9.744401660E2	3.280829953E2
6.142803333E1	9.671422292E2	3.281832030E2
6.144471667E1	9.600488424E2	3.283959392E2
6.146140000E1	9.533244818E2	3.286383026E2
6.147808333E1	9.466174592E2	3.292610015E2
6.149476667E1	9.406978438E2	3.298318332E2
6.151145000E1	9.350532578E2	3.301389964E2
6.152813333E1	9.299372602E2	3.304333024E2
6.154481667E1	9.257546332E2	3.308324686E2
6.156150000E1	9.220495795E2	3.311451067E2
6.157818333E1	9.190111652E2	3.313855807E2
6.159486667E1	9.168808444E2	3.317404003E2
6.161155000E1	9.152791917E2	3.319334007E2
6.162823333E1	9.148150487E2	3.320407565E2
6.164491667E1	9.149892851E2	3.320465481E2
6.166160000E1	9.158543324E2	3.320224288E2
6.167828333E1	9.175069022E2	3.318526192E2
6.169496667E1	9.199915651E2	3.317191127E2
6.171165000E1	9.230885186E2	3.314319381E2
6.172833333E1	9.270753857E2	3.310195295E2
6.174501667E1	9.311979314E2	3.304541639E2
6.176170000E1	9.361326560E2	3.300913284E2
6.177838333E1	9.413589015E2	3.298975199E2
6.179506667E1	9.470306560E2	3.295347266E2
6.181175000E1	9.530353660E2	3.290287080E2
6.182843333E1	9.591098174E2	3.287796706E2
6.184511667E1	9.651776913E2	3.284625916E2
6.186180000E1	9.713157191E2	3.281573389E2
6.187848333E1	9.774570666E2	3.280068232E2
6.189516667E1	9.835012234E2	3.279408711E2
6.191185000E1	9.892555205E2	3.279378449E2
6.192853333E1	9.950388350E2	3.280347938E2
6.194521667E1	1.000465555E3	3.280555877E2
6.196190000E1	1.005056622E3	3.281384182E2
6.197858333E1	1.009207788E3	3.281783403E2
6.199526667E1	1.013126087E3	3.281962965E2
6.201195000E1	1.016557677E3	3.282194247E2
6.202863333E1	1.018994281E3	3.282670498E2
6.204531667E1	1.021032207E3	3.282897077E2
6.206200000E1	1.022262074E3	3.282572635E2
6.207868333E1	1.022855049E3	3.282440733E2
6.209536667E1	1.022849168E3	3.282235023E2
6.211205000E1	1.021976585E3	3.281739613E2
6.212873333E1	1.020454386E3	3.280997242E2
6.214541667E1	1.018299822E3	3.280496631E2
6.216210000E1	1.015978875E3	3.280636838E2
6.217878333E1	1.012860666E3	3.279985898E2
6.219546667E1	1.009218846E3	3.280133132E2
6.221215000E1	1.005228957E3	3.279952864E2
6.222883333E1	1.001154491E3	3.279543765E2
6.224551667E1	9.969465947E2	3.279969153E2
6.226220000E1	9.921773944E2	3.279805021E2
6.227888333E1	9.872054509E2	3.279913071E2
6.229556667E1	9.822621583E2	3.280325057E2
6.231225000E1	9.771692781E2	3.280753936E2
6.232893333E1	9.722425843E2	3.280770676E2
6.234561667E1	9.672515355E2	3.281204545E2
6.236230000E1	9.625093771E2	3.281899210E2
6.237898333E1	9.579461468E2	3.283196025E2
6.239566667E1	9.536557069E2	3.284648830E2
6.241235000E1	9.499853330E2	3.286611117E2
6.242903333E1	9.462132405E2	3.290055416E2
6.244571667E1	9.430864730E2	3.291909167E2
6.246240000E1	9.401939140E2	3.292799533E2
6.247908333E1	9.380175271E2	3.293709938E2
6.249576667E1	9.362551554E2	3.293993206E2
6.251245000E1	9.351071029E2	3.293915999E2
6.252913333E1	9.343329483E2	3.292086860E2
6.254581667E1	9.342373047E2	3.292342851E2
6.256250000E1	9.348567711E2	3.292294592E2
6.257918333E1	9.360851797E2	3.291224845E2
6.259586667E1	9.377234850E2	3.291379057E2
6.261255000E1	9.398471046E2	3.290654622E2
6.262923333E1	9.421016647E2	3.289946689E2
6.264591667E1	9.449447125E2	3.289370219E2
6.266260000E1	9.481720178E2	3.288624328E2
6.267928333E1	9.518472123E2	3.288356142E2
6.269596667E1	9.556647048E2	3.288353963E2
6.271265000E1	9.594023621E2	3.285949257E2
6.272933333E1	9.631486484E2	3.285337914E2
6.274601667E1	9.671059470E2	3.281459303E2
6.276270000E1	9.711323051E2	3.280570976E2
6.277938333E1	9.751316930E2	3.279729352E2
6.279606667E1	9.790727174E2	3.279788277E2
6.281275000E1	9.829394062E2	3.280005015E2
6.282943333E1	9.863755917E2	3.279871348E2
6.284611667E1	9.894705550E2	3.279715405E2
6.286280000E1	9.925771466E2	3.280058523E2
6.287948333E1	9.950938064E2	3.280474711E2
6.289616667E1	9.972657874E2	3.280507502E2
6.291285000E1	9.991984257E2	3.280592265E2
6.292953333E1	1.000992672E3	3.280926938E2
6.294621667E1	1.001932656E3	3.280962974E2
6.296290000E1	1.002615379E3	3.281322706E2
6.297958333E1	1.002963149E3	3.280865616E2
6.299626667E1	1.002850529E3	3.281036738E2
6.301295000E1	1.002050777E3	3.280947744E2
6.302963333E1	1.000984990E3	3.280967684E2
6.304631667E1	9.994034005E2	3.280444160E2
6.306300000E1	9.976080577E2	3.280809246E2
6.307968333E1	9.957892048E2	3.281006013E2
6.309636667E1	9.936263383E2	3.281157187E2
6.311305000E1	9.912076350E2	3.280709418E2
6.312973333E1	9.886759566E2	3.280883791E2
6.314641667E1	9.860843013E2	3.280750711E2
6.316310000E1	9.832295244E2	3.280971397E2
6.317978333E1	9.805988136E2	3.281006934E2
6.319646667E1	9.779871010E2	3.281497503E2
6.321315000E1	9.751101981E2	3.281426967E2
6.322983333E1	9.724426707E2	3.281233732E2
6.324651667E1	9.698152007E2	3.281838770E2
6.326320000E1	9.673326827E2	3.281357429E2
6.327988333E1	9.650412342E2	3.281305943E2
6.329656667E1	9.630291043E2	3.281913685E2
6.331325000E1	9.610564910E2	3.282031131E2
6.332993333E1	9.592300083E2	3.281576800E2
6.334661667E1	9.579138867E2	3.282115180E2
6.336330000E1	9.568938875E2	3.282080712E2
6.337998333E1	9.559505028E2	3.281923261E2
6.339666667E1	9.553792184E2	3.281932132E2
6.341335000E1	9.551230441E2	3.281635763E2
6.343003333E1	9.551735047E2	3.281277255E2
6.344671667E1	9.555711195E2	3.281156088E2
6.346340000E1	9.562373736E2	3.281052545E2
6.348008333E1	9.571195463E2	3.280860082E2
6.349676667E1	9.582158959E2	3.280883262E2
6.351345000E1	9.593616527E2	3.280508673E2
6.353013333E1	9.610311017E2	3.280690568E2
6.354681667E1	9.628159190E2	3.280824504E2
6.356350000E1	9.647087604E2	3.280506183E2
6.358018333E1	9.666634897E2	3.280244047E2
6.359686667E1	9.688658454E2	3.280292554E2
6.361355000E1	9.709416504E2	3.280255815E2
6.363023333E1	9.729965541E2	3.280113645E2
6.364691667E1	9.749873028E2	3.280367928E2
6.366360000E1	9.769505741E2	3.280149231E2
6.368028333E1	9.787447584E2	3.280628349E2
6.369696667E1	9.802498808E2	3.280285710E2
6.371365000E1	9.814482565E2	3.280099253E2
6.373033333E1	9.829469324E2	3.280566118E2
6.374701667E1	9.839152526E2	3.280386543E2
6.376370000E1	9.849972782E2	3.280529257E2
6.378038333E1	9.853098256E2	3.280143108E2
6.379706667E1	9.858450591E2	3.280557557E2
6.381375000E1	9.861375081E2	3.280689093E2
6.383043333E1	9.861200066E2	3.280570133E2
6.384711667E1	9.859740000E2	3.280828093E2
6.386380000E1	9.856035365E2	3.281081048E2
6.388048333E1	9.850781138E2	3.280651923E2
6.389716667E1	9.841814964E2	3.280611933E2
6.391385000E1	9.834049980E2	3.280614462E2
6.393053333E1	9.822759426E2	3.280553396E2
6.394721667E1	9.813240906E2	3.280768926E2
6.396390000E1	9.801837840E2	3.280730378E2
6.398058333E1	9.790995190E2	3.280898362E2
6.399726667E1	9.781021948E2	3.281047577E2
6.401395000E1	9.770661637E2	3.281257543E2
6.403063333E1	9.760575887E2	3.281115441E2
6.404731667E1	9.750892948E2	3.281028448E2
6.406400000E1	9.741357236E2	3.281013855E2
6.408068333E1	9.731672904E2	3.281165835E2
6.409736667E1	9.722970283E2	3.281183810E2
6.411405000E1	9.718390142E2	3.281022152E2
6.413073333E1	9.711866460E2	3.280911080E2
6.414741667E1	9.706957025E2	3.281659342E2
6.416410000E1	9.702362553E2	3.281152615E2
6.418078333E1	9.700550933E2	3.281029785E2
6.419746667E1	9.700312106E2	3.281275255E2
6.421415000E1	9.700347968E2	3.281190210E2
6.423083333E1	9.700621968E2	3.281071039E2
6.424751667E1	9.700955352E2	3.280833902E2
6.426420000E1	9.701809154E2	3.280744967E2
6.428088333E1	9.703058523E2	3.280533404E2
6.429756667E1	9.709615173E2	3.280885788E2
6.431425000E1	9.714502085E2	3.280728390E2
6.433093333E1	9.719266488E2	3.281216885E2
6.434761667E1	9.722522310E2	3.280738768E2
6.436430000E1	9.729285842E2	3.281177754E2
6.438098333E1	9.735962732E2	3.280999371E2
6.439766667E1	9.740990549E2	3.280832983E2
6.441435000E1	9.745542961E2	3.280504391E2
6.443103333E1	9.751099825E2	3.280566020E2
6.444771667E1	9.757687229E2	3.281244567E2
6.446440000E1	9.761052840E2	3.280746202E2
6.448108333E1	9.762671789E2	3.280512514E2
6.449776667E1	9.765642745E2	3.280602219E2
6.451445000E1	9.769027518E2	3.281039990E2
6.453113333E1	9.771317808E2	3.280802354E2
6.454781667E1	9.771841377E2	3.280834219E2
6.456450000E1	9.772054151E2	3.280843306E2
6.458118333E1	9.771892637E2	3.280750507E2
6.459786667E1	9.771502773E2	3.280922607E2
6.461455000E1	9.770632636E2	3.280850821E2
6.463123333E1	9.769719674E2	3.280832134E2
6.464791667E1	9.768195285E2	3.281087865E2
6.466460000E1	9.764261200E2	3.280805957E2
6.468128333E1	9.760760391E2	3.280741514E2
6.469796667E1	9.759570572E2	3.280947965E2
6.471465000E1	9.755366813E2	3.280727014E2
6.473133333E1	9.750908629E2	3.280730981E2
6.474801667E1	9.750195915E2	3.280940918E2
6.476470000E1	9.748548735E2	3.281107098E2
6.478138333E1	9.746379974E2	3.281134048E2
6.479806667E1	9.747395169E2	3.281256314E2
6.481475000E1	9.746143732E2	3.281281772E2
6.483143333E1	9.747334135E2	3.281340267E2
6.484811667E1	9.748063173E2	3.281315082E2
6.486480000E1	9.749238266E2	3.281143463E2
6.488148333E1	9.749319175E2	3.281164103E2
6.489816667E1	9.749761314E2	3.281110862E2
6.491485000E1	9.749990870E2	3.281008525E2
6.493153333E1	9.750420220E2	3.280872793E2
6.494821667E1	9.750661330E2	3.280876884E2
6.496490000E1	9.750821565E2	3.280891093E2
6.498158333E1	9.751119727E2	3.280738047E2
6.499826667E1	9.751214940E2	3.280743796E2
6.501495000E1	9.751682066E2	3.280741921E2
6.503163333E1	9.752195181E2	3.280751239E2
6.504831667E1	9.752094468E2	3.280615693E2
6.506500000E1	9.752421169E2	3.280713484E2
6.508168333E1	9.752659344E2	3.280828064E2
6.509836667E1	9.752395681E2	3.280786403E2
6.511505000E1	9.751969091E2	3.280809675E2
6.513173333E1	9.751499458E2	3.280757378E2
6.514841667E1	9.751324015E2	3.281016097E2
6.516510000E1	9.751136895E2	3.281040518E2
6.518178333E1	9.750826624E2	3.280941817E2
6.519846667E1	9.750873830E2	3.281053520E2
6.521515000E1	9.750613771E2	3.281270555E2
6.523183333E1	9.750659992E2	3.281110640E2
6.524851667E1	9.750490477E2	3.281027813E2
6.526520000E1	9.750636185E2	3.281269630E2
6.528188333E1	9.750626393E2	3.280997884E2
6.529856667E1	9.750627281E2	3.280988220E2
6.531525000E1	9.750760284E2	3.281096484E2
6.533193333E1	9.750700639E2	3.281231473E2
6.534861667E1	9.750810642E2	3.281109290E2
6.536530000E1	9.750856716E2	3.280903137E2
6.538198333E1	9.750864466E2	3.281090782E2
6.539866667E1	9.750940698E2	3.281045875E2
6.541535000E1	9.750849360E2	3.281044829E2
6.543203333E1	9.750832540E2	3.281172943E2
6.544871667E1	9.750782030E2	3.281177325E2
6.546540000E1	9.750578263E2	3.281232235E2
6.548208333E1	9.750450838E2	3.281211038E2
6.549876667E1	9.749978084E2	3.281246153E2
6.551545000E1	9.748990214E2	3.281423752E2
6.553213333E1	9.747423382E2	3.281437164E2
6.554881667E1	9.747471483E2	3.281565463E2
6.556550000E1	9.744710446E2	3.281254646E2
6.558218333E1	9.740367087E2	3.280837833E2
6.559886667E1	9.738934660E2	3.281093780E2
6.561555000E1	9.739373724E2	3.280981913E2
6.563223333E1	9.738782235E2	3.281181615E2
6.564891667E1	9.739025371E2	3.281160286E2
6.566560000E1	9.739323544E2	3.281428591E2
6.568228333E1	9.739240981E2	3.281190519E2
6.569896667E1	9.739938392E2	3.281238172E2
6.571565000E1	9.740053875E2	3.281081747E2
6.573233333E1	9.740622222E2	3.281003126E2
6.574901667E1	9.740582964E2	3.280934348E2
6.576570000E1	9.740956307E2	3.280902386E2
6.578238333E1	9.741467692E2	3.280931417E2
6.579906667E1	9.741545098E2	3.280975585E2
6.581575000E1	9.742621689E2	3.280956723E2
6.583243333E1	9.742822231E2	3.280874103E2
6.584911667E1	9.743380766E2	3.281146871E2
6.586580000E1	9.744749105E2	3.280724807E2
6.588248333E1	9.744102497E2	3.280869360E2
6.589916667E1	9.743584983E2	3.280983860E2
6.591585000E1	9.743175121E2	3.280715288E2
6.593253333E1	9.742570363E2	3.280706189E2
6.594921667E1	9.742068248E2	3.280779152E2
6.596590000E1	9.742084927E2	3.280814782E2
6.598258333E1	9.741798519E2	3.280630206E2
6.599926667E1	9.741717751E2	3.280588694E2
6.601595000E1	9.741702282E2	3.280504405E2
6.603263333E1	9.741446235E2	3.280635486E2
6.604931667E1	9.741122201E2	3.280708227E2
6.606600000E1	9.740997543E2	3.280691325E2
6.608268333E1	9.740513459E2	3.280837828E2
6.609936667E1	9.740508139E2	3.281121116E2
6.611605000E1	9.740086101E2	3.281146674E2
6.613273333E1	9.739683913E2	3.281094192E2
6.614941667E1	9.739940282E2	3.280874535E2
6.616610000E1	9.739349912E2	3.281142807E2
6.618278333E1	9.739569831E2	3.281014508E2
6.619946667E1	9.739921797E2	3.280825256E2
6.621615000E1	9.739591794E2	3.280980919E2
6.623283333E1	9.740247177E2	3.280929251E2
6.624951667E1	9.740463307E2	3.280899339E2
6.626620000E1	9.740846138E2	3.281005940E2
6.628288333E1	9.740885596E2	3.280867954E2
6.629956667E1	9.740999640E2	3.280926058E2
6.631625000E1	9.741065089E2	3.280709570E2
6.633293333E1	9.741112093E2	3.280783425E2
6.634961667E1	9.741120545E2	3.280759459E2
6.636630000E1	9.741410626E2	3.280759151E2
6.638298333E1	9.741371377E2	3.280658295E2
6.639966667E1	9.741197400E2	3.280534115E2
6.641635000E1	9.741193508E2	3.280717205E2
6.643303333E1	9.741240614E2	3.280584496E2
6.644971667E1	9.741077643E2	3.280618114E2
6.646640000E1	9.741107784E2	3.280508305E2
6.648308333E1	9.740952672E2	3.280623244E2
6.649976667E1	9.741050700E2	3.280529212E2
6.651645000E1	9.740989624E2	3.280733672E2
6.653313333E1	9.740986030E2	3.280766076E2
6.654981667E1	9.740895231E2	3.280740274E2
6.656650000E1	9.740969598E2	3.280765766E2
6.658318333E1	9.741027644E2	3.280764111E2
6.659986667E1	9.741078984E2	3.280588291E2
6.661655000E1	9.741309884E2	3.280300569E2
6.663323333E1	9.741398958E2	3.280288983E2
6.664991667E1	9.741308049E2	3.280325176E2
6.666660000E1	9.741513697E2	3.280179125E2
6.668328333E1	9.741280040E2	3.280368422E2
6.669996667E1	9.741229455E2	3.280383914E2
6.671665000E1	9.741177948E2	3.280501592E2
6.673333333E1	9.741308510E2	3.280532547E2
6.675001667E1	9.741432726E2	3.280540913E2
6.676670000E1	9.741449916E2	3.280601143E2
6.678338333E1	9.741454954E2	3.280416393E2
6.680006667E1	9.741645285E2	3.280340599E2
6.681675000E1	9.741435553E2	3.280259087E2
6.683343333E1	9.741741875E2	3.280226673E2
6.685011667E1	9.741748012E2	3.280343778E2
6.686680000E1	9.742068856E2	3.280081267E2
6.688348333E1	9.742695521E2	3.280172483E2
6.690016667E1	9.742232682E2	3.280349936E2
6.691685000E1	9.743051876E2	3.280377150E2
6.693353333E1	9.743980238E2	3.280604603E2
6.695021667E1	9.743777793E2	3.280468988E2
6.696690000E1	9.745251903E2	3.280672559E2
6.698358333E1	9.748091139E2	3.280741265E2
6.700026667E1	9.751033317E2	3.280801249E2
6.701695000E1	9.752513495E2	3.280793867E2
6.703363333E1	9.753618885E2	3.280580497E2
6.705031667E1	9.753720481E2	3.280570279E2
6.706700000E1	9.753225963E2	3.280594579E2
6.708368333E1	9.753477030E2	3.280642541E2
6.710036667E1	9.752024978E2	3.280629183E2
6.711705000E1	9.751838782E2	3.280429846E2
6.713373333E1	9.751200517E2	3.280563112E2
6.715041667E1	9.750925710E2	3.280613702E2
6.716710000E1	9.750542992E2	3.280717271E2
6.718378333E1	9.750245690E2	3.280891211E2
6.720046667E1	9.750121122E2	3.280858513E2
6.721715000E1	9.749426162E2	3.281114117E2
6.723383333E1	9.748576292E2	3.281401138E2
6.725051667E1	9.747377290E2	3.281584336E2
6.726720000E1	9.745212076E2	3.281057928E2
6.728388333E1	9.741125256E2	3.280934645E2
6.730056667E1	9.740146338E2	3.280994352E2
6.731725000E1	9.738440141E2	3.281313750E2
6.733393333E1	9.732110785E2	3.280496289E2
6.735061667E1	9.721623055E2	3.280863107E2
6.736730000E1	9.707107275E2	3.281446750E2
6.738398333E1	9.687262815E2	3.281621340E2
6.740066667E1	9.662408439E2	3.281533593E2
6.741735000E1	9.634938290E2	3.281907786E2
6.743403333E1	9.609712593E2	3.282861730E2
6.745071667E1	9.581531158E2	3.283983192E2
6.746740000E1	9.557708690E2	3.284737568E2
6.748408333E1	9.535936648E2	3.284862234E2
6.750076667E1	9.517976125E2	3.285068552E2
6.751745000E1	9.501787184E2	3.283743118E2
6.753413333E1	9.490029710E2	3.283746003E2
6.755081667E1	9.481412029E2	3.282979357E2
6.756750000E1	9.479037127E2	3.282945970E2
6.758418333E1	9.477709068E2	3.282132684E2
6.760086667E1	9.478873283E2	3.281827464E2
6.761755000E1	9.479587659E2	3.281438731E2
6.763423333E1	9.477540381E2	3.281530573E2
6.765091667E1	9.471707205E2	3.281437231E2
6.766760000E1	9.464286691E2	3.281158158E2
6.768428333E1	9.461680330E2	3.281079832E2
6.770096667E1	9.463135073E2	3.280946025E2
6.771765000E1	9.475409143E2	3.280728141E2
6.773433333E1	9.488114537E2	3.280931054E2
6.775101667E1	9.505159716E2	3.280078753E2
6.776770000E1	9.530741379E2	3.279746758E2
6.778438333E1	9.559991447E2	3.279291421E2
6.780106667E1	9.593371355E2	3.278342646E2
6.781775000E1	9.630985790E2	3.278787799E2
6.783443333E1	9.674492298E2	3.278336139E2
6.785111667E1	9.728538244E2	3.278753532E2
6.786780000E1	9.790422485E2	3.279597514E2
6.788448333E1	9.860834870E2	3.279973416E2
6.790116667E1	9.940337535E2	3.280615345E2
6.791785000E1	1.002998722E3	3.280455930E2
6.793453333E1	1.013536125E3	3.280705265E2
6.795121667E1	1.025478997E3	3.283434995E2
6.796790000E1	1.039375580E3	3.295516230E2
6.798458333E1	1.054992126E3	3.304825860E2
6.800126667E1	1.071400382E3	3.322670832E2
6.801795000E1	1.088980188E3	3.348533203E2
6.803463333E1	1.106885031E3	3.380309217E2
6.805131667E1	1.125057418E3	3.416615182E2
6.806800000E1	1.143374377E3	3.457188390E2
6.808468333E1	1.162808107E3	3.502601583E2
6.810136667E1	1.182866147E3	3.559536655E2
6.811805000E1	1.203112075E3	3.620448130E2
6.813473333E1	1.224627639E3	3.696986613E2
6.815141667E1	1.246101888E3	3.779304179E2
6.816810000E1	1.267210764E3	3.864968382E2
6.818478333E1	1.288040696E3	3.961512595E2
6.820146667E1	1.308097149E3	4.061316218E2
6.821815000E1	1.327247048E3	4.163064411E2
6.823483333E1	1.346100862E3	4.276847853E2
6.825151667E1	1.364336014E3	4.394781613E2
6.826820000E1	1.382457671E3	4.516499227E2
6.828488333E1	1.399947808E3	4.643621653E2
6.830156667E1	1.417177348E3	4.778047432E2
6.831825000E1	1.433688126E3	4.916777651E2
6.833493333E1	1.449757366E3	5.060616632E2
6.835161667E1	1.465290135E3	5.203570915E2
6.836830000E1	1.480484412E3	5.357380261E2
6.838498333E1	1.495520360E3	5.519556664E2
6.840166667E1	1.510214899E3	5.687971861E2
6.841835000E1	1.524396754E3	5.864135816E2
6.843503333E1	1.538100125E3	6.041365883E2
6.845171667E1	1.551194130E3	6.217958188E2
6.846840000E1	1.563367780E3	6.392168059E2
6.848508333E1	1.574745092E3	6.565296823E2
6.850176667E1	1.585343997E3	6.741376427E2
6.851845000E1	1.595088370E3	6.919488611E2
6.853513333E1	1.604059763E3	7.099752729E2
6.855181667E1	1.612009022E3	7.278941043E2
6.856850000E1	1.619269712E3	7.452302905E2
6.858518333E1	1.625958201E3	7.620692147E2
6.860186667E1	1.632047971E3	7.782405893E2
6.861855000E1	1.637626513E3	7.939976516E2
6.863523333E1	1.642856283E3	8.090139932E2
6.865191667E1	1.647448343E3	8.239271454E2
6.866860000E1	1.651846225E3	8.380279814E2
6.868528333E1	1.655627596E3	8.516728896E2
6.870196667E1	1.659084032E3	8.643434353E2
6.871865000E1	1.662120964E3	8.766632599E2
6.873533333E1	1.664714969E3	8.888718602E2
6.875201667E1	1.667091539E3	9.007909220E2
6.876870000E1	1.669073984E3	9.125698528E2
6.878538333E1	1.670556893E3	9.239423206E2
6.880206667E1	1.671580815E3	9.349520534E2
6.881875000E1	1.672697255E3	9.452945656E2
6.883543333E1	1.673476127E3	9.552704134E2
6.885211667E1	1.674370931E3	9.650653084E2
6.886880000E1	1.674942376E3	9.747979544E2
6.888548333E1	1.675294363E3	9.850096911E2
6.890216667E1	1.675463222E3	9.942034961E2
6.891885000E1	1.675399510E3	1.002877728E3
6.893553333E1	1.675368998E3	1.010668024E3
6.895221667E1	1.675229882E3	1.017212286E3
6.896890000E1	1.675129657E3	1.022944040E3
6.898558333E1	1.675048773E3	1.027026846E3
6.900226667E1	1.674921529E3	1.029881944E3
6.901895000E1	1.674900306E3	1.031784909E3
6.903563333E1	1.674937575E3	1.032896600E3
6.905231667E1	1.674991052E3	1.032851340E3
6.906900000E1	1.675011400E3	1.031945114E3
6.908568333E1	1.674982057E3	1.030720019E3
6.910236667E1	1.675080517E3	1.029088787E3
6.911905000E1	1.675096084E3	1.027301226E3
6.913573333E1	1.675090734E3	1.025887114E3
