0.004000,  0.056880, 0.029910, 1.038130,   -6.012270, 0.886230, -5.267580,   -0.748410, 0.375720, 0.303000, 0.000000
0.012000,  0.095840, 0.019870, 1.018240,   -6.807860, 0.015110, -4.324780,   -0.748410, 0.374210, 0.303000, 0.000000
0.028000,  0.086060, 0.017590, 0.973830,   -5.126040, -1.933590, -1.976180,   -0.746900, 0.372690, 0.304520, 0.000000
0.044000,  0.097830, 0.009610, 0.969720,   -0.478360, -1.681820, 0.053680,   -0.748410, 0.372690, 0.306030, 0.000000
0.060000,  0.087700, 0.013560, 0.983580,   3.469390, -1.868130, 1.996310,   -0.748410, 0.372690, 0.306030, 0.000000
0.076000,  0.068720, 0.017590, 1.075990,   3.207550, -2.477420, 2.627080,   -0.745380, 0.372690, 0.303000, 0.000000
0.092000,  0.025220, 0.029470, 1.059320,   -3.519740, -0.569000, 0.758260,   -0.746900, 0.372690, 0.304520, 0.000000
0.108000,  0.044610, 0.026340, 0.986390,   -3.429110, 2.638550, -2.123810,   -0.748410, 0.372690, 0.306030, 0.000000
0.124000,  0.053600, 0.020710, 1.015420,   -1.535800, 2.784580, -3.298110,   -0.746900, 0.369660, 0.304520, 0.000000
0.140000,  0.085200, 0.012400, 0.997560,   -1.057430, 3.786620, -3.851710,   -0.746900, 0.368150, 0.304520, 0.000000
0.156000,  0.111240, 0.009160, 0.997450,   1.430050, 3.751370, -0.734780,   -0.745380, 0.366630, 0.303000, 0.000000
0.172000,  0.095670, 0.015700, 1.000080,   3.157200, 5.387880, 2.378800,   -0.745380, 0.369660, 0.303000, 0.000000
0.188000,  0.083290, 0.017170, 1.051430,   3.343510, 3.106840, 4.596550,   -0.746900, 0.372690, 0.301490, 0.000000
0.204000,  0.045170, 0.021860, 1.079690,   -2.145080, -1.566010, 4.113410,   -0.748410, 0.372690, 0.301490, 0.000000
0.220000,  0.008660, 0.032620, 1.003510,   -4.954830, -2.839970, 1.170950,   -0.748410, 0.372690, 0.303000, 0.000000
0.236000,  0.001950, 0.033280, 0.990280,   -2.512660, -1.842960, -3.019630,   -0.748410, 0.372690, 0.306030, 0.000000
0.252000,  0.055830, 0.018060, 0.997750,   -0.362550, 0.191350, -6.129850,   -0.746900, 0.372690, 0.304520, 0.000000
0.268000,  0.087430, 0.014650, 0.988030,   1.691890, 2.074580, -5.663480,   -0.746900, 0.372690, 0.303000, 0.000000
0.284000,  0.130210, -0.000590, 1.006010,   3.806760, 2.623440, -2.073480,   -0.746900, 0.369660, 0.304520, 0.000000
0.300000,  0.127720, 0.010510, 1.023710,   4.431150, 2.935640, 2.358670,   -0.745380, 0.372690, 0.299970, 0.000000
0.316000,  0.157790, 0.003680, 1.033230,   3.781590, 5.428160, 8.951520,   -0.746900, 0.372690, 0.299970, 0.000000
0.332000,  0.079350, 0.035670, 1.065750,   0.760350, 3.660740, 14.658620,   -0.754470, 0.375720, 0.299970, 0.000000
0.348000,  0.008700, 0.046730, 1.021560,   -2.462310, -0.644530, 14.031210,   -0.757500, 0.375720, 0.303000, 0.000000
0.364000,  -0.027290, 0.042250, 0.965900,   -0.372620, -9.290310, 7.787290,   -0.760530, 0.378750, 0.306030, 0.000000
0.380000,  0.006560, 0.039310, 0.972230,   5.302280, -35.006100, 1.888950,   -0.760530, 0.378750, 0.306030, 0.000000
0.396000,  0.044880, 0.013520, 1.093650,   5.136110, -73.683006, -1.372250,   -0.760530, 0.378750, 0.307550, 0.000000
0.412000,  -0.051400, 0.014570, 1.029720,   -5.644680, -22.936251, -11.320260,   -0.754470, 0.378750, 0.312090, 0.000000
0.428000,  0.209030, -0.004370, 0.966340,   -0.453190, 18.671261, -12.387190,   -0.748410, 0.377240, 0.310580, 0.000000
0.444000,  0.143430, 0.017640, 1.011370,   1.550900, 42.916721, -5.133370,   -0.746900, 0.375720, 0.307550, 0.000000
0.460000,  0.193040, 0.007720, 1.004540,   2.784580, 62.051239, 1.677570,   -0.751440, 0.375720, 0.303000, 0.000000
0.476000,  0.090750, 0.047680, 1.064410,   3.398900, 50.726620, 9.438020,   -0.755990, 0.380270, 0.298460, 0.000000
0.492000,  0.016210, 0.046290, 1.032890,   -2.447200, 38.374790, 9.152830,   -0.759020, 0.381780, 0.293910, 0.000000
0.508000,  -0.024890, 0.044990, 1.006790,   -2.019200, 3.650670, 5.650060,   -0.763560, 0.381780, 0.296940, 0.000000
0.524000,  -0.051610, 0.036470, 1.017860,   -1.344450, -19.084169, -0.587150,   -0.763560, 0.381780, 0.296940, 0.000000
0.540000,  -0.034540, 0.023040, 1.008870,   -2.452240, -34.739231, -8.206680,   -0.762050, 0.381780, 0.299970, 0.000000
0.556000,  0.018290, 0.013200, 0.940090,   1.631470, -27.014919, -13.350120,   -0.757500, 0.380270, 0.299970, 0.000000
0.572000,  0.100480, 0.012170, 0.999510,   7.850190, -2.165220, -14.762630,   -0.752960, 0.378750, 0.296940, 0.000000
0.588000,  0.122360, 0.017410, 1.074960,   5.649720, 12.523040, -10.655940,   -0.749930, 0.378750, 0.292400, 0.000000
0.604000,  0.156970, 0.026170, 1.070440,   -0.115810, 20.312811, -4.801210,   -0.748410, 0.378750, 0.290880, 0.000000
0.620000,  0.061090, 0.044900, 1.021710,   -3.670810, 16.838381, 0.838790,   -0.748410, 0.378750, 0.290880, 0.000000
0.636000,  0.033890, 0.034560, 0.994430,   -2.084660, 12.407230, 0.254990,   -0.749930, 0.378750, 0.290880, 0.000000
0.652000,  0.019950, 0.029830, 1.044310,   -1.198430, 2.114870, -0.942800,   -0.751440, 0.378750, 0.290880, 0.000000
0.668000,  0.046940, 0.021310, 1.044040,   -4.748380, -6.359710, -2.543200,   -0.751440, 0.378750, 0.290880, 0.000000
0.684000,  0.045170, 0.027180, 0.987890,   -4.914550, -14.099120, -2.056700,   -0.751440, 0.378750, 0.292400, 0.000000
0.700000,  0.048290, 0.028530, 1.013030,   -2.517700, -11.823120, -2.660630,   -0.748410, 0.375720, 0.293910, 0.000000
0.716000,  0.035840, 0.033420, 1.045570,   -4.305270, -3.207550, -3.049830,   -0.748410, 0.375720, 0.293910, 0.000000
0.732000,  0.087800, 0.026320, 0.989650,   -4.234770, 6.722260, -3.465860,   -0.746900, 0.374210, 0.299970, 0.000000
0.748000,  0.092070, 0.013900, 1.008030,   -1.666720, 7.875370, 0.835430,   -0.745380, 0.372690, 0.299970, 0.000000
0.764000,  0.050700, 0.014000, 1.011540,   -1.193390, 6.863250, 2.878710,   -0.748410, 0.372690, 0.296940, 0.000000
0.780000,  0.030960, 0.017720, 1.000580,   0.161130, 2.034300, 2.224460,   -0.748410, 0.375720, 0.299970, 0.000000
0.796000,  0.008220, 0.026400, 1.007730,   1.127930, -4.264980, -0.345580,   -0.748410, 0.372690, 0.299970, 0.000000
0.812000,  0.030420, 0.026000, 1.030160,   1.470340, -10.468600, -2.583460,   -0.751440, 0.374210, 0.299970, 0.000000
0.828000,  0.051500, 0.024700, 1.044430,   -0.810700, -10.388030, -3.459150,   -0.748410, 0.374210, 0.298460, 0.000000
0.844000,  0.073220, 0.026040, 0.987070,   -1.153110, -4.275050, -3.207520,   -0.745380, 0.372690, 0.299970, 0.000000
0.860000,  0.110550, 0.018940, 0.992550,   2.719120, 2.568050, -0.993120,   -0.745380, 0.372690, 0.299970, 0.000000
0.876000,  0.095080, 0.019930, 1.038990,   2.386780, 7.029420, 3.365210,   -0.745380, 0.372690, 0.296940, 0.000000
0.892000,  0.070610, 0.026490, 1.011410,   1.067500, 8.383940, 5.992290,   -0.745380, 0.375720, 0.296940, 0.000000
0.908000,  0.038380, 0.031870, 1.015010,   2.653660, 7.135160, 6.002350,   -0.748410, 0.375720, 0.296940, 0.000000
0.924000,  0.014500, 0.031600, 1.060770,   0.624390, 1.792600, 4.190580,   -0.751440, 0.377240, 0.296940, 0.000000
0.940000,  0.010830, 0.030500, 1.023520,   -2.386780, -2.834930, 0.734780,   -0.751440, 0.378750, 0.296940, 0.000000
0.956000,  0.019320, 0.028670, 0.992570,   -1.369630, -4.531860, -1.697700,   -0.751440, 0.375720, 0.296940, 0.000000
0.972000,  0.041280, 0.018410, 0.993140,   0.906370, -1.722110, -3.247780,   -0.751440, 0.375720, 0.296940, 0.000000
0.988000,  0.085510, 0.018580, 0.969490,   4.325410, 4.587250, -3.029700,   -0.749930, 0.378750, 0.296940, 0.000000
1.004000,  0.091860, 0.021880, 1.041070,   7.024380, 6.264040, 0.083880,   -0.749930, 0.378750, 0.292400, 0.000000
1.020000,  0.067330, 0.033380, 1.088940,   1.455230, 10.483700, 2.486160,   -0.751440, 0.378750, 0.290880, 0.000000
1.036000,  0.039520, 0.040800, 1.016180,   -2.416990, 8.776700, 2.915620,   -0.751440, 0.380270, 0.292400, 0.000000
1.052000,  0.013960, 0.031550, 1.007560,   -0.745240, 8.253020, 1.979540,   -0.754470, 0.378750, 0.290880, 0.000000
1.068000,  -0.002520, 0.027730, 1.012340,   -0.599210, -3.494570, -1.442710,   -0.754470, 0.380270, 0.292400, 0.000000
1.084000,  0.017810, 0.023160, 0.982000,   0.976870, -7.261050, -4.559640,   -0.752960, 0.380270, 0.292400, 0.000000
1.100000,  0.032920, 0.028420, 0.988250,   5.241850, -3.252870, -7.632950,   -0.751440, 0.378750, 0.290880, 0.000000
1.116000,  0.089760, 0.024110, 1.060940,   5.226750, -1.077580, -7.173300,   -0.751440, 0.378750, 0.290880, 0.000000
1.132000,  0.078830, 0.041600, 1.056230,   -0.332340, 0.946660, -3.838280,   -0.751440, 0.381780, 0.290880, 0.000000
1.148000,  0.081370, 0.043890, 1.004260,   -1.666720, 0.130920, 0.104010,   -0.749930, 0.380270, 0.290880, 0.000000
1.164000,  0.057890, 0.036410, 1.049630,   -1.132970, -2.945710, 2.100320,   -0.749930, 0.378750, 0.290880, 0.000000
1.180000,  0.005530, 0.037400, 1.024460,   -4.682920, -1.576080, 1.519880,   -0.752960, 0.380270, 0.292400, 0.000000
1.196000,  0.021310, 0.022640, 0.987220,   -3.424070, -0.468290, -1.576920,   -0.751440, 0.378750, 0.290880, 0.000000
1.212000,  0.024640, 0.023310, 0.971240,   0.538790, -3.031310, -3.955710,   -0.751440, 0.378750, 0.290880, 0.000000
1.228000,  0.054490, 0.017850, 1.005420,   3.494570, -3.635560, -4.737460,   -0.748410, 0.378750, 0.290880, 0.000000
1.244000,  0.068680, 0.023370, 1.004700,   4.864200, -0.699920, -4.026170,   -0.748410, 0.378750, 0.290880, 0.000000
1.260000,  0.063720, 0.026910, 1.018750,   6.087800, 1.717070, -2.680760,   -0.748410, 0.378750, 0.284820, 0.000000
1.276000,  0.027920, 0.042720, 1.046870,   4.219670, 0.785520, -2.509650,   -0.749930, 0.381780, 0.284820, 0.000000
1.292000,  0.023880, 0.049650, 1.050150,   1.228640, 0.035250, -4.670360,   -0.751440, 0.381780, 0.284820, 0.000000
1.308000,  0.020580, 0.048640, 1.054330,   -2.054440, -2.457280, -7.012250,   -0.749930, 0.381780, 0.284820, 0.000000
1.324000,  0.042670, 0.041180, 1.022910,   -5.362700, -3.106840, -9.176320,   -0.748410, 0.381780, 0.284820, 0.000000
1.340000,  0.104100, 0.021460, 0.999680,   -4.839020, -3.852080, -7.290730,   -0.745380, 0.378750, 0.284820, 0.000000
1.356000,  0.106770, 0.018650, 1.010090,   -3.192440, -2.678830, -2.194260,   -0.745380, 0.375720, 0.284820, 0.000000
1.372000,  0.077270, 0.029960, 0.982570,   -1.354520, 5.740360, 2.070120,   -0.745380, 0.375720, 0.287850, 0.000000
1.388000,  0.052340, 0.033230, 0.975780,   3.152160, 9.904630, 4.150310,   -0.748410, 0.375720, 0.287850, 0.000000
1.404000,  0.011430, 0.043790, 1.018090,   5.594330, 17.573549, 3.539680,   -0.748410, 0.378750, 0.284820, 0.000000
1.420000,  -0.016860, 0.047650, 1.056210,   3.328400, 11.551210, -2.721020,   -0.751440, 0.381780, 0.284820, 0.000000
1.436000,  -0.022010, 0.039010, 1.042650,   -0.790560, 3.076630, -8.458320,   -0.751440, 0.378750, 0.284820, 0.000000
1.452000,  0.019760, 0.034960, 1.009010,   -1.757350, -6.274110, -14.960590,   -0.749930, 0.375720, 0.281790, 0.000000
1.468000,  0.083710, 0.022410, 1.051140,   -2.557980, -14.386140, -13.477610,   -0.745380, 0.374210, 0.281790, 0.000000
1.484000,  0.097350, 0.020770, 1.027180,   -6.198580, -12.895660, -8.897840,   -0.745380, 0.375720, 0.284820, 0.000000
1.500000,  0.100540, 0.024410, 0.938000,   -3.252870, -1.994020, -3.217580,   -0.745380, 0.372690, 0.284820, 0.000000
1.516000,  0.059170, 0.028150, 0.983370,   5.050510, 6.238860, 2.627080,   -0.745380, 0.374210, 0.284820, 0.000000
1.532000,  -0.000290, 0.053630, 1.042860,   4.788670, 11.072850, 0.140920,   -0.745380, 0.375720, 0.284820, 0.000000
1.548000,  0.000820, 0.062140, 1.041970,   2.673800, 8.101960, -5.515860,   -0.745380, 0.375720, 0.283310, 0.000000
1.564000,  0.096860, 0.049440, 1.035040,   0.679780, 2.683870, -9.169610,   -0.745380, 0.375720, 0.281790, 0.000000
1.580000,  0.270960, 0.017220, 1.029570,   0.367580, 8.268130, -0.332160,   -0.745380, 0.375720, 0.280280, 0.000000
1.596000,  0.370290, -0.016560, 0.983120,   0.735170, 21.460880, 23.432329,   -0.748410, 0.375720, 0.281790, 0.000000
1.612000,  0.226100, -0.023920, 0.941350,   6.762540, 26.591949, 46.096329,   -0.762050, 0.383300, 0.281790, 0.000000
1.628000,  -0.195600, 0.039270, 1.053200,   5.523830, 28.616180, 42.466061,   -0.781740, 0.390870, 0.284820, 0.000000
1.644000,  -0.294190, 0.093040, 1.020980,   3.499600, 16.868589, 25.012600,   -0.799920, 0.396930, 0.289370, 0.000000
1.660000,  -0.457380, 0.163290, 1.046890,   1.963810, -2.190400, -0.781750,   -0.809010, 0.402990, 0.287850, 0.000000
1.676000,  -0.356120, 0.153900, 1.089650,   -4.108890, -21.783140, -36.990459,   -0.807500, 0.402990, 0.289370, 0.000000
1.692000,  -0.037770, 0.099030, 1.081350,   -10.141300, -22.432711, -61.033428,   -0.792350, 0.393900, 0.286340, 0.000000
1.708000,  0.304010, 0.005590, 1.003090,   -11.873470, -14.542240, -58.553982,   -0.774170, 0.384810, 0.281790, 0.000000
1.724000,  0.525680, -0.051140, 0.888730,   -7.643740, -2.739260, -39.386040,   -0.760530, 0.372690, 0.284820, 0.000000
1.740000,  0.498600, -0.036280, 0.873930,   5.070650, 7.125090, -0.043620,   -0.760530, 0.372690, 0.281790, 0.000000
1.756000,  0.288430, 0.002820, 1.032390,   11.390080, 10.896610, 19.543711,   -0.774170, 0.374210, 0.281790, 0.000000
1.772000,  0.003110, 0.074420, 1.106050,   5.332490, 6.903530, 26.103020,   -0.796890, 0.383300, 0.283310, 0.000000
1.788000,  -0.145380, 0.132960, 1.144050,   3.222660, 1.661680, 17.564180,   -0.816590, 0.387840, 0.292400, 0.000000
1.804000,  -0.355910, 0.168910, 1.119920,   0.090640, -20.569611, -43.187420,   -0.833250, 0.386330, 0.301490, 0.000000
1.820000,  -0.004270, 0.092930, 1.169990,   -12.951050, -10.272220, -30.488199,   -0.836280, 0.380270, 0.307550, 0.000000
1.836000,  0.118270, 0.087700, 0.932250,   -30.408779, -14.058840, -48.236912,   -0.833250, 0.372690, 0.318150, 0.000000
1.852000,  0.284560, 0.060560, 0.929760,   -4.280090, 18.671261, -55.869862,   -0.834770, 0.360570, 0.325730, 0.000000
1.868000,  0.466560, 0.003990, 0.961880,   -4.587250, 39.306339, -46.733799,   -0.842340, 0.349970, 0.331790, 0.000000
1.884000,  0.531640, -0.027390, 0.972670,   1.707000, 18.500059, -18.191589,   -0.857490, 0.343910, 0.343910, 0.000000
1.900000,  0.305610, 0.008220, 1.056800,   -2.371670, -8.998260, 8.173130,   -0.877190, 0.339360, 0.369660, 0.000000
1.916000,  0.084550, -0.000110, 1.085760,   -5.503690, -11.782840, 13.051510,   -0.886280, 0.333300, 0.409050, 0.000000
1.932000,  0.053750, -0.015470, 1.134820,   -13.333740, -18.777010, 7.871170,   -0.884760, 0.328760, 0.448440, 0.000000
1.948000,  0.063460, -0.000740, 1.019420,   -16.762850, -12.311550, 4.693850,   -0.862040, 0.319670, 0.483290, 0.000000
1.964000,  0.066950, -0.014720, 0.999660,   -14.874570, 6.994170, 6.364710,   -0.837800, 0.313610, 0.507530, 0.000000
1.980000,  0.192050, -0.044610, 0.922450,   -8.917690, 19.446720, 7.498750,   -0.804470, 0.307550, 0.519650, 0.000000
1.996000,  0.201050, -0.028480, 0.854510,   -0.478360, 13.323670, 12.601920,   -0.777200, 0.303000, 0.524190, 0.000000
2.012000,  0.143700, -0.037120, 0.973130,   3.847050, -2.422030, 16.758949,   -0.746900, 0.303000, 0.525710, 0.000000
2.028000,  0.175550, -0.012450, 1.040500,   2.416990, -21.798250, 15.369920,   -0.716600, 0.299970, 0.522680, 0.000000
2.044000,  0.205270, -0.004500, 1.005310,   -3.721160, -33.671719, 28.183210,   -0.689330, 0.299970, 0.515100, 0.000000
2.060000,  0.124610, 0.045830, 0.961210,   3.524780, -35.484470, 36.225491,   -0.657510, 0.299970, 0.509040, 0.000000
2.076000,  0.010530, 0.076920, 1.044520,   5.267030, -27.931370, 36.399960,   -0.618120, 0.306030, 0.487830, 0.000000
2.092000,  -0.095080, 0.080340, 0.985600,   1.616360, -12.538150, 27.203510,   -0.581760, 0.313610, 0.452990, 0.000000
2.108000,  -0.089260, 0.091920, 0.860460,   8.746490, -1.153110, 14.135220,   -0.560550, 0.324210, 0.410570, 0.000000
2.124000,  0.029450, 0.080410, 0.925920,   16.923981, -2.870180, 5.992290,   -0.552980, 0.336330, 0.365120, 0.000000
2.140000,  0.139500, 0.057830, 1.129440,   13.610690, -1.435090, 8.106030,   -0.559040, 0.345420, 0.321180, 0.000000
2.156000,  0.226100, 0.032350, 1.047310,   3.469390, 12.669070, 17.577600,   -0.578730, 0.360570, 0.280280, 0.000000
2.172000,  0.185410, 0.006900, 1.010740,   5.035400, 11.198730, 27.347780,   -0.610550, 0.374210, 0.243920, 0.000000
2.188000,  0.055430, 0.007320, 1.053830,   2.542880, 3.046420, 30.145969,   -0.651450, 0.390870, 0.216650, 0.000000
2.204000,  0.074460, -0.012840, 1.037010,   4.662780, -4.869230, 27.445080,   -0.707510, 0.404510, 0.199980, 0.000000
2.220000,  -0.005400, 0.007000, 1.074640,   3.947750, -8.434300, 31.810120,   -0.771140, 0.413600, 0.209070, 0.000000
2.236000,  -0.054260, 0.044800, 1.108440,   5.886380, -12.966160, 20.164419,   -0.828710, 0.418140, 0.249980, 0.000000
2.252000,  0.032480, 0.042020, 1.026940,   0.105740, -12.236020, 12.823360,   -0.868100, 0.413600, 0.309060, 0.000000
2.268000,  0.128800, 0.031110, 0.961890,   2.875210, -2.719120, 13.373600,   -0.872640, 0.396930, 0.371180, 0.000000
2.284000,  0.211870, 0.013520, 0.982800,   7.210690, 8.575290, 24.314730,   -0.845370, 0.381780, 0.418140, 0.000000
2.300000,  0.144200, 0.010720, 1.055030,   5.181430, 6.374820, 34.232540,   -0.798410, 0.369660, 0.437840, 0.000000
2.316000,  0.108810, 0.015510, 1.091520,   4.833980, -2.250820, 35.893330,   -0.752960, 0.360570, 0.430260, 0.000000
2.332000,  0.006330, 0.028270, 1.136680,   0.261840, -3.902440, 41.147491,   -0.724170, 0.354510, 0.404510, 0.000000
2.348000,  -0.149230, 0.052390, 1.141090,   -3.439180, -5.916600, 36.597912,   -0.727200, 0.351480, 0.377240, 0.000000
2.364000,  -0.242520, 0.064950, 1.057170,   -7.699130, -5.589290, 19.761801,   -0.749930, 0.349970, 0.362090, 0.000000
2.380000,  -0.111750, 0.041010, 0.961630,   -4.874270, -13.056790, 2.140580,   -0.778710, 0.351480, 0.360570, 0.000000
2.396000,  0.062680, 0.013200, 0.933840,   0.966800, -14.451600, -2.945820,   -0.802950, 0.351480, 0.368150, 0.000000
2.412000,  0.206680, 0.010470, 0.888790,   7.996220, -7.044530, 2.811610,   -0.824160, 0.354510, 0.381780, 0.000000
2.428000,  0.233400, 0.029540, 0.969540,   14.099120, 1.107790, 17.913111,   -0.846890, 0.362090, 0.395420, 0.000000
2.444000,  0.134940, 0.051630, 1.102310,   14.522090, 13.570400, 29.552111,   -0.865070, 0.375720, 0.412080, 0.000000
2.460000,  -0.034500, 0.077020, 1.130980,   5.982060, 16.078030, 33.202511,   -0.883250, 0.386330, 0.436320, 0.000000
2.476000,  -0.107040, 0.072000, 1.029190,   -1.540830, -3.554990, 27.914801,   -0.893850, 0.399960, 0.463590, 0.000000
2.492000,  -0.161910, 0.057180, 0.872400,   2.185360, -25.821529, 15.000850,   -0.893850, 0.412080, 0.492380, 0.000000
2.508000,  -0.068130, 0.072630, 0.987150,   7.492680, -33.495480, 7.438350,   -0.884760, 0.422690, 0.518130, 0.000000
2.524000,  0.051840, 0.070550, 0.963690,   4.441220, -23.807369, 4.432150,   -0.869610, 0.430260, 0.537830, 0.000000
2.540000,  0.186670, 0.052990, 0.963270,   9.350740, -2.094730, 8.267080,   -0.854460, 0.440870, 0.551460, 0.000000
2.556000,  0.216600, 0.053650, 1.095330,   5.216670, 13.696290, 16.262381,   -0.842340, 0.449960, 0.565100, 0.000000
2.572000,  0.121060, 0.073660, 1.032560,   -5.951840, 12.497860, 24.502621,   -0.825680, 0.459050, 0.571160, 0.000000
2.588000,  0.120960, 0.066530, 0.938870,   -2.950740, 0.765380, 25.076349,   -0.812040, 0.465110, 0.572670, 0.000000
2.604000,  0.094110, 0.088270, 0.885070,   2.920530, -11.616670, 26.995489,   -0.795380, 0.472680, 0.575700, 0.000000
2.620000,  0.024200, 0.098710, 0.948330,   8.358760, -23.681490, 23.694031,   -0.780230, 0.486320, 0.577220, 0.000000
2.636000,  -0.059550, 0.101830, 1.004300,   10.664980, -19.451750, 15.004200,   -0.766590, 0.499950, 0.577220, 0.000000
2.652000,  -0.012000, 0.097330, 1.025960,   11.168520, -10.936890, 7.344410,   -0.752960, 0.510560, 0.575700, 0.000000
2.668000,  0.030100, 0.105590, 1.053540,   7.497710, -11.349790, 1.271600,   -0.739320, 0.521160, 0.572670, 0.000000
2.684000,  0.098080, 0.106410, 1.025770,   1.440120, -4.018250, 1.821840,   -0.725690, 0.528740, 0.566610, 0.000000
2.700000,  0.082660, 0.105270, 0.992980,   -16.506041, 0.110780, -13.927200,   -0.713570, 0.530250, 0.557520, 0.000000
2.716000,  0.153750, 0.117720, 0.847320,   -4.879300, 6.112980, -15.319590,   -0.709020, 0.527220, 0.548430, 0.000000
2.732000,  0.120870, 0.138910, 1.007350,   8.595430, -1.923520, 2.408990,   -0.705990, 0.524190, 0.527220, 0.000000
2.748000,  -0.020260, 0.111790, 1.079320,   15.444580, -5.434200, 15.468560,   -0.705990, 0.520150, 0.501970, 0.000000
2.768000,  -0.172200, 0.093360, 1.200430,   6.878360, 3.474430, 10.786790,   -0.721140, 0.510560, 0.478740, 0.000000
2.784000,  -0.155010, 0.068910, 1.107920,   -0.720060, 13.872530, -2.026510,   -0.745380, 0.496920, 0.472680, 0.000000
2.800000,  -0.100480, 0.057640, 0.941790,   -5.196530, 18.031771, -7.193430,   -0.772650, 0.484800, 0.469650, 0.000000
2.816000,  -0.069270, 0.048240, 0.874650,   -0.694890, 9.481660, -16.044300,   -0.796890, 0.472680, 0.472680, 0.000000
2.832000,  -0.045150, 0.029910, 0.976510,   0.528720, -4.708100, -21.466209,   -0.818100, 0.466620, 0.472680, 0.000000
2.848000,  -0.134120, 0.046350, 1.087860,   -1.626430, 2.411960, -21.264900,   -0.837800, 0.457530, 0.475710, 0.000000
2.864000,  -0.193940, 0.046440, 1.152270,   -2.568050, 13.686220, -18.963270,   -0.857490, 0.454500, 0.475710, 0.000000
2.880000,  -0.215130, 0.057420, 1.148300,   -2.533810, 17.055910, -17.911100,   -0.868100, 0.448440, 0.474200, 0.000000
2.900000,  -0.140670, 0.107540, 1.073530,   -3.464360, 7.714230, -14.088250,   -0.868100, 0.452990, 0.466620, 0.000000
2.916000,  -0.089190, 0.157950, 0.983830,   4.199520, -8.681030, -13.494390,   -0.857490, 0.460560, 0.460560, 0.000000
2.932000,  0.101360, 0.180190, 1.076950,   10.584410, -22.800289, -12.779740,   -0.845370, 0.468140, 0.448440, 0.000000
2.948000,  0.186980, 0.180550, 1.121430,   5.503690, -19.738770, 2.506290,   -0.828710, 0.478740, 0.440870, 0.000000
2.964000,  0.033510, 0.221270, 1.177860,   -1.963810, 0.468290, 14.809610,   -0.816590, 0.489350, 0.434810, 0.000000
2.980000,  -0.113010, 0.206070, 1.196860,   -15.589600, 15.544280, 11.568540,   -0.804470, 0.493890, 0.430260, 0.000000
2.996000,  -0.173380, 0.189300, 1.022070,   -24.633181, 23.182980, -2.754570,   -0.795380, 0.493890, 0.430260, 0.000000
3.012000,  -0.268520, 0.185560, 1.003270,   -20.230221, 23.046021, -16.456310,   -0.783760, 0.492880, 0.430260, 0.000000
3.032000,  -0.195160, 0.173510, 0.911290,   -13.645940, 9.723360, -33.101849,   -0.772650, 0.489350, 0.431780, 0.000000
3.048000,  0.025580, 0.146580, 0.990240,   -4.667820, -4.229740, -34.628441,   -0.766590, 0.480260, 0.433290, 0.000000
3.064000,  0.118730, 0.167030, 1.084100,   -4.869230, -2.855070, -22.385521,   -0.765080, 0.468140, 0.434810, 0.000000
3.080000,  0.148770, 0.185090, 1.095620,   -11.415250, 7.618560, -10.689490,   -0.765080, 0.451470, 0.436320, 0.000000
3.096000,  0.112360, 0.208840, 0.947550,   -15.715480, 6.636660, -2.640500,   -0.766590, 0.430260, 0.439350, 0.000000
3.112000,  -0.001470, 0.201300, 0.858800,   -11.208800, 5.559080, -2.741150,   -0.766590, 0.409050, 0.440870, 0.000000
3.128000,  -0.123480, 0.165420, 0.889260,   -2.552950, 10.831150, -7.807420,   -0.766590, 0.393900, 0.446930, 0.000000
3.144000,  -0.162670, 0.095810, 0.984180,   -2.489500, 7.279170, -21.134720,   -0.768110, 0.372690, 0.456020, 0.000000
3.164000,  -0.052170, 0.068280, 0.978970,   -2.069550, -0.070500, -31.233040,   -0.774170, 0.360570, 0.468140, 0.000000
3.180000,  0.028820, 0.053120, 1.012340,   -2.155150, -3.721160, -32.548248,   -0.781740, 0.349970, 0.484800, 0.000000
3.196000,  0.140440, 0.089610, 0.911250,   -3.137050, -0.997010, -29.216600,   -0.795380, 0.351480, 0.496920, 0.000000
3.212000,  0.208820, 0.105040, 0.958770,   2.230680, -10.911710, -21.469570,   -0.812040, 0.360570, 0.506010, 0.000000
3.228000,  0.347120, 0.153960, 0.837960,   8.827060, -18.671261, -15.104860,   -0.830220, 0.377240, 0.504500, 0.000000
3.244000,  0.384920, 0.120300, 1.054800,   15.876620, -10.967100, 4.717330,   -0.842340, 0.398450, 0.495410, 0.000000
3.260000,  0.103230, 0.074370, 1.259270,   5.886380, 12.266240, 15.051180,   -0.852950, 0.422690, 0.472680, 0.000000
3.276000,  -0.143770, 0.061750, 1.242250,   -5.587280, 33.539791, 13.479630,   -0.851430, 0.442380, 0.423190, 0.000000
3.296000,  -0.214520, 0.057470, 1.108610,   -17.034760, 29.401699, -3.479280,   -0.819620, 0.436320, 0.360570, 0.000000
3.312000,  -0.150550, 0.032650, 1.043930,   -14.794010, 21.133579, -8.968300,   -0.774170, 0.402990, 0.318150, 0.000000
3.328000,  -0.044460, 0.046630, 0.898720,   -12.462620, 17.286530, -14.034570,   -0.721140, 0.354510, 0.301490, 0.000000
3.344000,  -0.020560, 0.032860, 0.838780,   -2.094730, 9.385990, -17.950020,   -0.671150, 0.296940, 0.312090, 0.000000
3.360000,  -0.024070, 0.020960, 0.923730,   6.883390, 4.446260, -17.866140,   -0.634790, 0.246950, 0.345420, 0.000000
3.376000,  -0.118030, 0.021190, 1.057590,   8.011320, 0.392760, -18.493549,   -0.624180, 0.213620, 0.398450, 0.000000
3.392000,  -0.156820, 0.039600, 1.034850,   1.007080, -1.530760, -23.811460,   -0.645390, 0.199980, 0.457530, 0.000000
3.408000,  -0.110210, 0.063340, 1.000950,   -1.840940, 2.259890, -28.242260,   -0.693870, 0.203010, 0.501470, 0.000000
3.428000,  -0.004060, 0.037290, 0.965330,   -1.208500, 14.723510, -26.448601,   -0.766590, 0.213620, 0.516620, 0.000000
3.444000,  0.040590, 0.036740, 0.831280,   0.387730, 23.570709, -22.388880,   -0.840830, 0.224220, 0.495410, 0.000000
3.460000,  0.137040, 0.017700, 0.985660,   8.741460, 26.843719, -16.443560,   -0.904460, 0.228770, 0.442380, 0.000000
3.476000,  0.146560, 0.047170, 0.967830,   5.357670, 20.836491, -9.578940,   -0.940820, 0.227250, 0.368150, 0.000000
3.492000,  0.171810, 0.074370, 0.953200,   10.730440, 14.109190, -10.333840,   -0.943850, 0.215130, 0.290880, 0.000000
3.508000,  0.159760, 0.061340, 0.971720,   12.397160, 2.593230, -12.887110,   -0.918090, 0.195440, 0.216650, 0.000000
3.524000,  0.146470, 0.035230, 1.076280,   16.712490, 4.627530, -9.880900,   -0.871130, 0.172710, 0.154530, 0.000000
3.540000,  -0.021160, -0.002000, 1.164230,   3.597290, 3.830930, -6.828390,   -0.792850, 0.137360, 0.109080, 0.000000
3.560000,  -0.110610, -0.039220, 1.112880,   -3.957820, 8.142240, -11.773200,   -0.710540, 0.106050, 0.107570, 0.000000
3.576000,  -0.066990, -0.068530, 1.000350,   -4.808810, 8.917690, -15.745690,   -0.656000, 0.083330, 0.134840, 0.000000
3.592000,  -0.077550, -0.048640, 0.896340,   2.376710, 5.246890, -16.675070,   -0.621150, 0.069690, 0.180290, 0.000000
3.608000,  0.008960, -0.026760, 0.863060,   13.212890, 2.321320, -16.567699,   -0.604490, 0.060600, 0.233310, 0.000000
3.624000,  0.153100, 0.023800, 0.920390,   25.680540, 9.839170, -11.873860,   -0.610550, 0.053030, 0.281790, 0.000000
3.640000,  0.187380, 0.055310, 1.113300,   21.924129, 23.031919, 1.711120,   -0.637820, 0.046970, 0.334820, 0.000000
3.656000,  0.096800, 0.093960, 1.095830,   12.512970, 33.923489, 12.964280,   -0.681750, 0.043940, 0.378750, 0.000000
3.672000,  0.031140, 0.107180, 1.025920,   6.956910, 33.982910, 18.018471,   -0.739320, 0.043940, 0.413600, 0.000000
3.692000,  -0.089780, 0.097690, 0.919670,   8.665920, 32.523651, 23.985929,   -0.795380, 0.043940, 0.434810, 0.000000
3.708000,  -0.118030, 0.072840, 0.834880,   17.437590, 26.647341, 8.582460,   -0.848400, 0.046970, 0.448440, 0.000000
3.724000,  -0.081180, 0.071930, 0.845240,   25.574800, 21.561581, -4.703910,   -0.918090, 0.048480, 0.469650, 0.000000
3.740000,  0.141750, 0.058090, 1.061690,   28.174070, 13.337770, -13.125320,   -0.980710, 0.058580, 0.482780, 0.000000
3.760000,  0.205760, 0.052430, 1.183300,   15.181730, 12.316590, -7.377960,   -1.078680, 0.075750, 0.487830, 0.000000
3.776000,  0.097030, 0.054820, 1.208690,   3.640590, -5.599370, 4.901870,   -1.151400, 0.089390, 0.465110, 0.000000
3.792000,  -0.123670, 0.055870, 1.279660,   -2.225650, -9.864350, -5.499080,   -1.204430, 0.089390, 0.425720, 0.000000
3.808000,  -0.050910, 0.002210, 1.141660,   -10.765690, -7.774660, -25.217260,   -1.236240, 0.068180, 0.372690, 0.000000
3.824000,  0.097540, -0.035800, 0.941430,   -9.350740, -13.807070, -30.753250,   -1.246850, 0.028790, 0.324210, 0.000000
3.840000,  0.149800, -0.026170, 0.938800,   2.452240, -5.136110, -19.922850,   -1.252910, -0.012120, 0.287850, 0.000000
3.856000,  0.137200, -0.014150, 0.963590,   4.496610, 0.991970, -7.599400,   -1.254420, -0.059090, 0.259070, 0.000000
3.872000,  0.089810, 0.027270, 1.018360,   3.641600, 13.426390, 3.167260,   -1.251390, -0.098480, 0.240890, 0.000000
3.892000,  0.011810, 0.068510, 1.097200,   -0.876160, 20.418550, 2.791480,   -1.242300, -0.134840, 0.228770, 0.000000
3.908000,  -0.076120, 0.079690, 0.993330,   -6.893460, 5.387880, -7.270600,   -1.228670, -0.162110, 0.228770, 0.000000
3.924000,  -0.015070, 0.030840, 1.011470,   -5.730290, -3.539890, -27.176670,   -1.208970, -0.180290, 0.233310, 0.000000
3.940000,  0.220090, -0.027100, 0.877040,   2.960820, -6.012270, -29.988279,   -1.181700, -0.201500, 0.246950, 0.000000
3.956000,  0.337010, -0.074120, 1.021270,   11.717380, -8.726350, -19.110901,   -1.162010, -0.215130, 0.265130, 0.000000
3.972000,  0.411210, -0.097120, 1.210120,   13.852390, -7.261050, -6.921660,   -1.149890, -0.225740, 0.287850, 0.000000
3.988000,  0.432030, -0.102900, 1.346590,   -1.112820, -9.980160, 3.774540,   -1.145340, -0.228770, 0.303000, 0.000000
4.004000,  0.431340, -0.046860, 1.268170,   -10.763670, -16.105221, 14.606960,   -1.146350, -0.208060, 0.317140, 0.000000
4.024000,  0.357530, -0.034890, 1.197340,   -15.106200, -30.821690, 16.983740,   -1.157460, -0.175740, 0.325730, 0.000000
4.040000,  0.348680, 0.012230, 0.970270,   -13.419340, -47.700352, 3.831570,   -1.168070, -0.146960, 0.337850, 0.000000
4.056000,  0.484680, 0.001580, 0.965520,   -1.651610, -51.074070, -4.442210,   -1.175640, -0.121200, 0.360570, 0.000000
4.072000,  0.471020, 0.031300, 1.013220,   -2.724150, -36.763458, 11.330320,   -1.184730, -0.095450, 0.390870, 0.000000
4.088000,  0.222660, 0.016520, 1.110520,   -5.136110, -15.075990, 29.817169,   -1.189280, -0.066660, 0.433290, 0.000000
4.104000,  -0.054840, 0.074440, 0.957830,   -17.372129, -5.886380, 29.649410,   -1.180190, -0.034850, 0.477230, 0.000000
4.120000,  0.047550, 0.099140, 0.890410,   -7.709200, -15.413360, 24.656950,   -1.157460, -0.007580, 0.512070, 0.000000
4.136000,  0.105330, 0.120450, 0.811130,   -4.523800, -33.692871, 33.124668,   -1.127160, 0.010610, 0.548430, 0.000000
4.156000,  0.145130, 0.155110, 0.828300,   8.816990, -60.782318, 31.823540,   -1.089290, 0.033330, 0.587820, 0.000000
4.172000,  0.257470, 0.116730, 1.094360,   15.488890, -58.415680, 24.207371,   -1.046870, 0.053030, 0.621150, 0.000000
4.188000,  0.244880, 0.074200, 1.090320,   -4.471440, -41.521912, 34.786129,   -0.999900, 0.065150, 0.649940, 0.000000
4.204000,  -0.026000, 0.056820, 1.062620,   -20.428619, -20.337980, 32.246288,   -0.959000, 0.068180, 0.662060, 0.000000
4.220000,  -0.236680, 0.178320, 0.874840,   -27.599030, 3.816830, 10.468050,   -0.937790, 0.048480, 0.669630, 0.000000
4.236000,  0.031810, 0.170840, 0.897060,   -4.199520, 24.562679, 3.875190,   -0.934760, 0.021210, 0.677210, 0.000000
4.252000,  0.205230, 0.231040, 0.929660,   4.048460, 36.541901, 20.097309,   -0.945360, -0.009090, 0.702960, 0.000000
4.268000,  0.177260, 0.192690, 1.071370,   2.916500, 40.408081, 30.813641,   -0.965560, -0.051510, 0.766590, 0.000000
4.288000,  0.212730, 0.096530, 1.008320,   0.362550, 17.306669, 49.931259,   -0.963540, -0.089390, 0.862040, 0.000000
4.304000,  -0.024810, 0.066910, 0.982190,   1.701970, -11.984250, 56.876400,   -0.916580, -0.104540, 0.948390, 0.000000
4.320000,  -0.250610, -0.020710, 1.182060,   -4.108890, -20.695499, 47.391411,   -0.819620, -0.109080, 1.013540, 0.000000
4.336000,  -0.341820, -0.036410, 1.195930,   -22.649229, -11.188660, 25.683630,   -0.696900, -0.106050, 1.025660, 0.000000
4.352000,  -0.371890, 0.037420, 0.934260,   -22.795259, -12.004390, -3.288040,   -0.586310, -0.104540, 0.987780, 0.000000
4.368000,  0.130160, 0.094530, 0.841500,   -2.114870, -11.843260, -22.754589,   -0.493890, -0.095450, 0.934760, 0.000000
4.384000,  0.384370, 0.107100, 0.995500,   14.355930, -20.755920, 5.240740,   -0.409050, -0.071210, 0.871130, 0.000000
4.400000,  0.296250, 0.186650, 1.132950,   13.599610, 0.914430, 11.912100,   -0.331790, -0.036360, 0.777200, 0.000000
4.420000,  0.331860, 0.211240, 0.897690,   9.124150, -4.295200, 18.731770,   -0.278760, 0.007580, 0.663570, 0.000000
4.436000,  0.280670, 0.105270, 1.070560,   21.506201, -34.356541, 31.061920,   -0.254520, 0.063630, 0.534800, 0.000000
4.452000,  -0.122600, 0.013280, 1.306530,   1.379700, -25.393520, 30.283529,   -0.262100, 0.121200, 0.404510, 0.000000
4.468000,  -0.208990, 0.034470, 1.069410,   -13.404240, -19.602810, 16.936769,   -0.310580, 0.174230, 0.310580, 0.000000
4.484000,  -0.106790, 0.111600, 0.840000,   -0.951690, -26.586910, -5.227310,   -0.380270, 0.215130, 0.256040, 0.000000
4.500000,  0.180470, 0.203170, 0.815120,   15.242160, -34.754330, -17.463530,   -0.437840, 0.243920, 0.225740, 0.000000
4.516000,  0.340750, 0.217900, 1.082950,   21.868740, -20.015720, -13.554780,   -0.492380, 0.260580, 0.209070, 0.000000
4.532000,  0.448090, 0.156630, 1.128520,   11.182620, 0.741210, 3.983230,   -0.560550, 0.258560, 0.213110, 0.000000
4.552000,  0.038850, 0.039540, 1.061670,   5.095830, -20.881809, 28.887791,   -0.618120, 0.227250, 0.242400, 0.000000
4.568000,  -0.356750, 0.005820, 0.994360,   -1.525730, -39.603420, 9.303810,   -0.642360, 0.190890, 0.281790, 0.000000
4.584000,  -0.192110, -0.013140, 0.757850,   -0.377660, -43.541111, -24.130199,   -0.651450, 0.159080, 0.315120, 0.000000
4.600000,  0.212960, 0.023820, 0.708450,   10.670010, -49.190830, -28.800560,   -0.643880, 0.134840, 0.345420, 0.000000
4.616000,  0.391180, 0.081580, 0.810990,   24.708710, -34.306179, -26.334530,   -0.634790, 0.112110, 0.375720, 0.000000
4.632000,  0.509130, 0.067310, 1.167850,   28.500370, -8.429260, -9.266910,   -0.607520, 0.087870, 0.409050, 0.000000
4.648000,  0.180230, 0.067630, 1.423970,   12.523040, 43.052670, 4.636810,   -0.557520, 0.069690, 0.434810, 0.000000
4.664000,  0.106350, -0.002660, 1.143680,   -3.407960, 31.155029, -0.453620,   -0.495410, 0.053030, 0.436320, 0.000000
4.684000,  0.032690, 0.039420, 0.974120,   -1.827850, -19.069059, -0.167760,   -0.428750, 0.043940, 0.407540, 0.000000
4.700000,  -0.006500, 0.054890, 0.834790,   -0.760350, -39.986111, -6.015770,   -0.369660, 0.036360, 0.362090, 0.000000
4.716000,  0.184420, 0.117360, 0.783440,   6.938780, -41.471561, 1.704410,   -0.333300, 0.030300, 0.318150, 0.000000
4.732000,  0.125270, 0.137960, 1.042480,   2.114870, -42.126160, 19.459841,   -0.289370, 0.015150, 0.231800, 0.000000
4.748000,  -0.025440, 0.182840, 1.013850,   1.007080, -11.672060, 19.849030,   -0.269670, 0.000000, 0.151500, 0.000000
4.764000,  -0.182080, 0.160870, 1.127820,   -11.072850, 21.637119, 18.637831,   -0.266640, -0.018180, 0.072720, 0.000000
4.780000,  -0.179200, 0.138070, 1.085380,   -11.521000, 83.194893, -4.314720,   -0.275730, -0.037880, 0.007580, 0.000000
4.796000,  0.214630, 0.123030, 0.813890,   -2.445190, 30.160030, -18.214411,   -0.288860, -0.050500, -0.059590, 0.000000
4.816000,  0.347730, 0.093630, 1.012650,   14.053800, -12.039640, -6.183530,   -0.313610, -0.066660, -0.130290, 0.000000
4.832000,  0.125830, -0.085660, 1.302390,   4.461360, -12.392120, 31.702761,   -0.354510, -0.080300, -0.193920, 0.000000
4.848000,  -0.551610, -0.147800, 1.447140,   -19.250340, -10.695190, 54.215771,   -0.412080, -0.074230, -0.240890, 0.000000
4.864000,  -0.854320, 0.021080, 1.130660,   -36.340481, -50.545349, 23.730930,   -0.463590, -0.053030, -0.256040, 0.000000
4.880000,  -0.424790, 0.169750, 0.768410,   -19.562531, -56.295780, -21.241421,   -0.489350, -0.027270, -0.253010, 0.000000
4.896000,  0.362630, 0.291690, 0.628130,   2.698970, -14.058840, -22.341909,   -0.487830, -0.010610, -0.254520, 0.000000
4.912000,  0.745680, 0.357340, 0.902120,   14.728550, 42.020420, 0.442880,   -0.477230, -0.009090, -0.268160, 0.000000
4.928000,  0.827390, 0.324650, 0.942380,   -8.487670, 37.447269, 52.648918,   -0.483290, -0.012120, -0.292400, 0.000000
4.948000,  0.163460, 0.306320, 0.877290,   3.197480, 45.444489, 64.908623,   -0.515100, -0.010610, -0.316640, 0.000000
4.964000,  -0.013580, 0.116580, 1.070420,   -4.456330, 13.318630, 51.236408,   -0.548430, -0.018180, -0.346940, 0.000000
4.980000,  -0.285110, -0.016000, 1.117500,   1.047360, -15.131380, 28.337549,   -0.583280, -0.024240, -0.366630, 0.000000
4.996000,  -0.362050, -0.033800, 1.103060,   1.394810, -22.372280, -3.143770,   -0.610550, -0.025760, -0.380270, 0.000000
5.012000,  -0.096440, -0.015810, 1.113360,   2.084660, -5.000150, -16.769011,   -0.621150, -0.030300, -0.392390, 0.000000
5.028000,  -0.007710, 0.046960, 1.221370,   2.628480, 32.181240, -16.748880,   -0.613580, -0.036360, -0.399960, 0.000000
5.044000,  0.198520, 0.076560, 1.036030,   -7.266080, 39.271091, -18.980049,   -0.593880, -0.037880, -0.401480, 0.000000
5.060000,  0.210850, 0.167480, 0.998060,   -2.779540, 18.191891, -7.867140,   -0.573680, -0.036360, -0.400970, 0.000000
5.080000,  0.056550, 0.179370, 1.167180,   -7.991180, 3.972930, -7.018960,   -0.562070, -0.033330, -0.393900, 0.000000
5.096000,  0.025100, 0.145800, 0.998940,   -9.622650, -14.053800, -2.452610,   -0.549950, -0.033330, -0.378750, 0.000000
5.112000,  -0.069200, 0.158020, 1.068780,   -7.104950, -29.351351, 4.261030,   -0.539340, -0.036360, -0.362090, 0.000000
5.128000,  -0.212590, 0.179230, 1.106800,   -11.359860, -26.672520, 0.610640,   -0.525710, -0.039390, -0.337850, 0.000000
5.144000,  -0.266360, 0.149440, 1.015830,   -13.605650, 7.054600, -2.184200,   -0.493890, -0.043940, -0.309060, 0.000000
5.160000,  -0.470090, 0.135210, 1.121140,   -9.718320, 47.680210, -12.185880,   -0.448440, -0.053030, -0.268160, 0.000000
5.176000,  -0.475900, 0.077760, 0.975040,   -6.591340, 73.647774, -31.011600,   -0.384810, -0.059090, -0.206040, 0.000000
5.192000,  -0.335770, 0.067780, 1.010250,   -2.018190, 52.835449, -46.851231,   -0.321180, -0.054540, -0.122720, 0.000000
5.212000,  -0.302090, 0.064720, 0.975380,   -3.620450, 14.265290, -57.104549,   -0.272700, -0.039390, -0.025760, 0.000000
5.228000,  -0.200200, 0.073620, 0.881330,   -0.382690, -18.419491, -64.371803,   -0.251490, -0.015150, 0.090900, 0.000000
5.244000,  0.000930, 0.049290, 0.949570,   0.971830, -64.372559, -56.178532,   -0.263610, 0.009090, 0.212100, 0.000000
5.260000,  -0.070300, 0.062370, 1.038400,   -7.281190, -69.463348, -37.527290,   -0.306030, 0.024240, 0.310580, 0.000000
5.276000,  -0.115070, 0.061440, 1.113430,   -17.729639, -32.422939, -29.629280,   -0.383300, 0.033330, 0.389360, 0.000000
5.292000,  -0.173890, 0.099870, 1.038210,   -20.040890, 19.577641, -35.930241,   -0.480260, 0.042420, 0.427230, 0.000000
5.308000,  -0.056970, 0.067350, 1.064000,   -8.056640, 61.134800, -39.530312,   -0.583280, 0.068180, 0.410570, 0.000000
5.324000,  -0.072560, 0.073090, 1.193040,   0.793580, 96.562866, -46.633820,   -0.660540, 0.129280, 0.329260, 0.000000
5.344000,  0.075150, 0.057130, 1.136130,   -2.724150, 92.741997, -61.335388,   -0.656000, 0.207560, 0.239370, 0.000000
5.360000,  0.295100, 0.068860, 1.001950,   -5.302280, 41.073761, -61.345459,   -0.587820, 0.253010, 0.187860, 0.000000
5.376000,  0.442750, 0.079730, 0.985770,   -0.906370, 22.810360, -44.465729,   -0.475710, 0.253010, 0.195440, 0.000000
5.392000,  0.513100, 0.102940, 0.845180,   -1.007080, 13.912810, -23.620220,   -0.362090, 0.219680, 0.269670, 0.000000
5.408000,  0.516030, 0.117280, 0.773980,   11.475680, -12.120210, 0.107360,   -0.283310, 0.172710, 0.387840, 0.000000
5.424000,  0.278820, 0.104890, 1.011750,   12.059780, -12.427370, 28.193279,   -0.242400, 0.128780, 0.525710, 0.000000
5.440000,  -0.034900, 0.119340, 1.080670,   5.045470, 20.569611, 25.257530,   -0.245430, 0.080300, 0.669630, 0.000000
5.456000,  -0.004210, 0.070240, 0.983120,   3.838990, 38.965939, 12.218090,   -0.309060, 0.036360, 0.824160, 0.000000
5.476000,  -0.063930, 0.071470, 0.999530,   15.403290, 42.488708, 1.858750,   -0.427230, 0.001520, 0.960510, 0.000000
5.492000,  0.016820, 0.048890, 1.087420,   19.305731, 41.003269, -8.069120,   -0.590850, -0.030300, 1.046870, 0.000000
5.508000,  0.136180, 0.039840, 1.115150,   13.298490, 23.459930, -12.148980,   -0.772650, -0.054540, 1.062020, 0.000000
5.524000,  0.439150, 0.005800, 1.184040,   2.517700, 13.021550, -2.445900,   -0.913550, -0.063630, 1.004450, 0.000000
5.540000,  0.184420, 0.086480, 0.831550,   -8.383940, 3.499600, 20.868999,   -0.989300, -0.059090, 0.916580, 0.000000
5.556000,  0.206360, 0.067770, 1.052210,   23.031919, 9.330600, 17.426620,   -1.021110, -0.040910, 0.831740, 0.000000
5.572000,  0.100610, 0.071130, 1.094650,   11.223910, -4.098820, 29.733290,   -1.027170, -0.012120, 0.762050, 0.000000
5.588000,  -0.074920, 0.112660, 1.037280,   1.224610, -14.562380, 19.921499,   -1.007980, 0.019190, 0.698920, 0.000000
5.608000,  -0.084500, 0.124660, 0.977550,   -11.138310, -33.183289, 2.157360,   -0.981720, 0.048480, 0.663570, 0.000000
5.624000,  -0.040000, 0.116790, 0.963040,   -21.893921, -40.393978, -7.978530,   -0.972630, 0.062120, 0.652970, 0.000000
5.640000,  0.077530, 0.151690, 1.018790,   -37.710110, -35.927582, -17.799040,   -0.981720, 0.062120, 0.646910, 0.000000
5.656000,  -0.301950, 0.316890, 0.729600,   12.507930, 17.059940, -57.366261,   -1.004450, 0.056060, 0.634790, 0.000000
5.672000,  1.184170, 0.000500, 1.677380,   35.126949, 25.610050, -66.059433,   -1.045350, 0.036360, 0.615090, 0.000000
5.688000,  -0.206990, 0.235650, 0.804580,   -67.690887, -15.070950, -1.342060,   -1.069590, 0.025760, 0.589340, 0.000000
5.704000,  0.706830, 0.032860, 1.271110,   -17.633970, 14.567410, -6.998830,   -1.089290, 0.012120, 0.557520, 0.000000
5.720000,  0.057140, 0.223620, 0.862000,   -37.705078, 7.742430, 14.228500,   -1.105950, 0.009090, 0.524190, 0.000000
5.740000,  0.239030, 0.227970, 0.942420,   -3.086700, -1.168210, -15.809440,   -1.115040, 0.007580, 0.506010, 0.000000
5.756000,  0.256520, 0.214290, 0.889020,   5.181430, -9.894560, -11.226310,   -1.119590, 0.004550, 0.490860, 0.000000
5.772000,  0.159360, 0.143220, 1.008990,   0.951690, 3.474430, 2.502940,   -1.122620, 0.003030, 0.478740, 0.000000
5.788000,  -0.081770, 0.174390, 0.640160,   6.047520, 22.472990, -14.685470,   -1.127160, 0.001520, 0.472680, 0.000000
5.804000,  0.349080, -0.035400, 1.053960,   -3.736270, 45.036621, 1.781580,   -1.134740, -0.001520, 0.465110, 0.000000
5.820000,  0.033280, 0.020280, 0.775090,   -6.757510, 40.912628, -9.632620,   -1.142310, -0.010610, 0.456020, 0.000000
5.836000,  0.216750, -0.077320, 1.096440,   12.175600, 32.156071, -18.211720,   -1.154430, -0.021210, 0.452990, 0.000000
5.852000,  0.068010, -0.122420, 1.270680,   -6.755490, 17.857540, -10.282850,   -1.171600, -0.033330, 0.451470, 0.000000
5.872000,  0.088710, -0.127090, 1.255490,   -11.108090, 1.253810, -9.693010,   -1.174130, -0.042420, 0.448440, 0.000000
5.888000,  0.137270, -0.103530, 1.159130,   -14.773860, -14.663090, -13.417220,   -1.171100, -0.045450, 0.445410, 0.000000
5.904000,  0.062370, -0.029950, 1.023900,   -13.902740, -26.607059, -5.878210,   -1.162010, -0.043940, 0.442380, 0.000000
5.920000,  0.035820, 0.004390, 0.874560,   -10.614620, -23.792271, -6.126490,   -1.154430, -0.043940, 0.442380, 0.000000
5.936000,  -0.174900, 0.017590, 0.787350,   -2.618410, 2.034300, 0.234860,   -1.152920, -0.045450, 0.439350, 0.000000
5.952000,  -0.309070, 0.058270, 0.741830,   6.072690, 30.569920, -3.694010,   -1.157460, -0.051510, 0.430260, 0.000000
5.968000,  -0.143240, 0.061840, 0.820900,   16.279449, 34.693909, -15.366560,   -1.169580, -0.069690, 0.418140, 0.000000
5.984000,  0.034470, 0.020110, 1.175520,   17.523190, 27.908199, -13.028700,   -1.181700, -0.092420, 0.402990, 0.000000
6.004000,  0.382350, -0.012590, 1.382370,   -2.084660, 14.456630, -5.354810,   -1.190790, -0.113630, 0.389360, 0.000000
6.020000,  0.451150, 0.007720, 1.290490,   1.082610, -6.656800, 7.884590,   -1.193820, -0.125750, 0.380270, 0.000000
6.036000,  0.327640, 0.049340, 1.146010,   -6.425170, -21.037901, 22.278160,   -1.193820, -0.121200, 0.380270, 0.000000
6.052000,  0.219060, 0.039730, 1.034280,   -5.775600, -25.700680, 23.774549,   -1.196850, -0.109080, 0.389360, 0.000000
6.068000,  0.105970, 0.007670, 1.022030,   -5.785680, -19.587709, 27.612841,   -1.196850, -0.090900, 0.402990, 0.000000
6.084000,  -0.050050, -0.044610, 0.937900,   -7.704160, -5.503690, 27.260550,   -1.193820, -0.077270, 0.419660, 0.000000
6.100000,  -0.106430, -0.029010, 0.988030,   -2.915500, 7.331540, 24.210720,   -1.192310, -0.062120, 0.431780, 0.000000
6.116000,  -0.043260, -0.024510, 1.128540,   -5.800780, 11.041630, 28.636829,   -1.186750, -0.044440, 0.441370, 0.000000
6.136000,  -0.033530, -0.025100, 1.029620,   -13.278350, 16.113279, 28.518730,   -1.178670, -0.022730, 0.446930, 0.000000
6.152000,  -0.077320, -0.014360, 1.052630,   -9.526980, 0.468290, 19.533649,   -1.166550, -0.004550, 0.451470, 0.000000
6.168000,  -0.011040, 0.016630, 0.900080,   0.367580, -25.715790, -5.176990,   -1.149890, 0.007580, 0.457530, 0.000000
6.184000,  0.138260, 0.006920, 0.975230,   10.161440, -46.194759, -13.350120,   -1.131710, 0.018180, 0.471170, 0.000000
6.200000,  0.186020, -0.043830, 1.050740,   12.291410, -42.151340, -8.857580,   -1.115040, 0.030300, 0.487830, 0.000000
6.216000,  0.182040, -0.041480, 0.998780,   6.797790, -25.061190, -3.559810,   -1.090800, 0.040910, 0.501470, 0.000000
6.232000,  0.251710, -0.055030, 0.946390,   7.024380, -23.016821, -2.617010,   -1.066560, 0.050000, 0.519650, 0.000000
6.248000,  0.312380, -0.051930, 1.106890,   -5.067630, -3.959840, 15.916800,   -1.037780, 0.051510, 0.534800, 0.000000
6.268000,  0.262790, -0.025620, 0.985160,   -14.582520, 16.339870, 23.663830,   -1.001420, 0.050000, 0.543890, 0.000000
6.284000,  0.231610, -0.046770, 1.000270,   -10.871430, 11.329650, 22.197630,   -0.966570, 0.039390, 0.548430, 0.000000
6.300000,  0.079350, -0.041920, 0.928230,   -8.399050, -0.991970, 21.654100,   -0.925670, 0.021210, 0.542370, 0.000000
6.316000,  -0.033230, -0.065540, 0.947650,   -13.565370, -7.351680, 32.172482,   -0.887790, 0.006060, 0.534800, 0.000000
6.332000,  0.018880, -0.069870, 0.992740,   -0.684810, -1.566010, 1.385670,   -0.843860, -0.013640, 0.516620, 0.000000
6.348000,  0.167370, -0.071870, 0.854800,   1.052400, 8.041530, 14.802900,   -0.805980, -0.031820, 0.493890, 0.000000
6.364000,  0.112740, -0.074370, 0.932140,   -0.433040, 6.596370, 28.830750,   -0.762050, -0.059090, 0.454500, 0.000000
6.380000,  0.191760, -0.066060, 1.010730,   1.567020, -1.748290, 30.368080,   -0.708010, -0.088880, 0.383800, 0.000000
6.400000,  0.084760, -0.023140, 1.151330,   -10.075840, -11.712340, 39.936279,   -0.672660, -0.110600, 0.287850, 0.000000
6.416000,  0.040340, -0.013220, 1.192800,   -13.711400, -17.679291, 28.324129,   -0.675690, -0.107570, 0.213620, 0.000000
6.432000,  0.053750, 0.000230, 1.047170,   -12.437440, -26.461029, 22.865311,   -0.705990, -0.080300, 0.151500, 0.000000
6.448000,  0.052470, 0.012990, 1.070140,   -3.746340, -26.727909, 12.729420,   -0.763560, -0.039390, 0.113630, 0.000000
6.464000,  0.012300, 0.001540, 0.971700,   -11.118160, -15.821230, 21.013269,   -0.842340, 0.010610, 0.115140, 0.000000
6.480000,  -0.062030, -0.004390, 0.951290,   -5.921630, 6.299290, 23.898689,   -0.925670, 0.066660, 0.151500, 0.000000
6.496000,  -0.091290, -0.007820, 1.157000,   -9.521940, 19.079130, 17.138081,   -0.992330, 0.121200, 0.216650, 0.000000
6.512000,  0.034330, -0.011580, 1.129010,   -29.056271, 18.703489, 22.651251,   -1.027170, 0.166650, 0.296940, 0.000000
6.532000,  -0.042080, 0.004270, 0.937000,   -26.612089, -2.804720, 26.720369,   -1.024140, 0.201500, 0.387840, 0.000000
6.548000,  -0.032650, 0.028900, 0.978510,   -17.669220, -16.566469, 22.868660,   -0.990810, 0.222710, 0.474200, 0.000000
6.564000,  0.046410, 0.039310, 0.918390,   -3.237760, -8.570250, 14.715660,   -0.934760, 0.227250, 0.542370, 0.000000
6.580000,  0.035800, 0.022390, 0.876180,   9.265140, -0.095670, 3.157190,   -0.857490, 0.219680, 0.590850, 0.000000
6.596000,  0.043850, -0.026110, 0.937440,   15.750730, 9.602510, -1.308510,   -0.769620, 0.201500, 0.612060, 0.000000
6.612000,  0.061950, -0.049650, 1.009450,   19.189911, 10.740510, -5.596380,   -0.680240, 0.174230, 0.596910, 0.000000
6.628000,  0.093980, -0.042860, 1.023430,   10.670010, 2.537840, 0.610640,   -0.599940, 0.153020, 0.539340, 0.000000
6.644000,  0.081830, -0.040600, 1.046070,   7.267090, -7.275150, 11.047820,   -0.543380, 0.159580, 0.426220, 0.000000
6.664000,  0.080090, -0.023710, 1.210750,   4.068600, -20.604860, 19.372601,   -0.556010, 0.216650, 0.303000, 0.000000
6.680000,  0.127180, 0.013770, 1.233500,   -3.701020, -22.457890, 27.468571,   -0.624180, 0.310580, 0.254520, 0.000000
6.696000,  0.149460, 0.045320, 1.038110,   -1.963810, -26.591949, 32.018139,   -0.715080, 0.412080, 0.268160, 0.000000
6.712000,  0.082410, 0.056500, 0.933610,   11.819090, -39.537960, 23.730261,   -0.775680, 0.475710, 0.312090, 0.000000
6.732000,  0.090500, 0.037980, 0.843680,   18.897860, -41.491699, 25.227329,   -0.825680, 0.521160, 0.425720, 0.000000
6.748000,  0.057070, 0.028920, 0.786130,   24.205170, -28.389589, 25.277660,   -0.828710, 0.513590, 0.502980, 0.000000
6.764000,  0.004120, 0.025710, 1.033310,   23.454901, -24.210211, 26.341240,   -0.807500, 0.478740, 0.552980, 0.000000
6.780000,  -0.161720, 0.052990, 1.142020,   0.206450, -16.284479, 18.570721,   -0.777200, 0.436320, 0.566610, 0.000000
6.796000,  -0.107670, 0.049510, 1.211910,   -15.942080, -9.043580, 12.289890,   -0.754470, 0.395420, 0.556010, 0.000000
6.812000,  -0.057960, 0.103680, 1.088030,   -26.994780, -4.904480, 10.333840,   -0.739320, 0.371180, 0.528740, 0.000000
6.828000,  0.053270, 0.134600, 0.989610,   -16.113279, -4.738310, 6.079520,   -0.734780, 0.363600, 0.498440, 0.000000
6.844000,  0.160200, 0.121220, 0.998370,   -8.362790, -22.208130, 9.268250,   -0.733260, 0.372690, 0.466620, 0.000000
6.864000,  0.117590, 0.131550, 1.101800,   -6.475520, -16.138460, 21.080370,   -0.737810, 0.399960, 0.446930, 0.000000
6.880000,  0.034890, 0.154910, 1.051310,   -11.098020, -5.735320, 24.754250,   -0.745380, 0.422690, 0.439350, 0.000000
6.896000,  -0.059660, 0.160430, 0.933900,   -7.089840, -5.886380, 22.241249,   -0.754470, 0.440870, 0.445410, 0.000000
6.912000,  -0.116040, 0.160980, 0.911450,   1.571040, -18.701481, 16.675070,   -0.766590, 0.452990, 0.456020, 0.000000
6.928000,  -0.097470, 0.177650, 0.884760,   9.345700, -30.590059, 10.357330,   -0.774170, 0.460560, 0.471170, 0.000000
6.944000,  -0.004390, 0.212860, 0.961860,   13.560330, -25.927280, 10.464690,   -0.783260, 0.460560, 0.489350, 0.000000
6.960000,  -0.094990, 0.257130, 1.173740,   3.957820, -24.028931, 9.102510,   -0.784770, 0.454500, 0.509040, 0.000000
6.976000,  -0.022800, 0.275920, 1.032640,   -1.381710, 18.155640, -1.006540,   -0.786290, 0.443900, 0.522680, 0.000000
6.996000,  0.023500, 0.271400, 1.064490,   -0.281980, 47.498932, 1.717830,   -0.790830, 0.428750, 0.533280, 0.000000
7.012000,  -0.046330, 0.299360, 1.106280,   0.402830, 56.265560, -0.221440,   -0.795380, 0.412080, 0.539340, 0.000000
7.028000,  -0.044540, 0.257050, 0.932540,   2.824860, 35.328369, -19.469900,   -0.799920, 0.402990, 0.543890, 0.000000
7.044000,  0.117760, 0.185640, 0.964030,   11.390080, 1.228640, -11.326970,   -0.799920, 0.393900, 0.545400, 0.000000
7.060000,  0.039230, 0.157570, 1.051180,   3.640590, -13.348850, 6.690160,   -0.799920, 0.387840, 0.548430, 0.000000
7.076000,  -0.176030, 0.125770, 1.107880,   -3.972930, -9.949950, 14.105030,   -0.799920, 0.381780, 0.552980, 0.000000
7.092000,  -0.276570, 0.070880, 1.132700,   -12.774810, -10.675050, 6.649900,   -0.798410, 0.375720, 0.554490, 0.000000
7.108000,  -0.271700, 0.026290, 1.067640,   -16.862551, -14.083010, -11.734950,   -0.791840, 0.379760, 0.551460, 0.000000
7.128000,  -0.063020, 0.004540, 0.981940,   -12.971190, -3.147130, -19.976530,   -0.781740, 0.389360, 0.542370, 0.000000
7.144000,  0.082300, 0.012700, 0.909190,   -4.929660, 0.780490, -18.104361,   -0.772650, 0.399960, 0.536310, 0.000000
7.160000,  0.167500, 0.024530, 0.925220,   3.635560, 5.307310, -6.864620,   -0.765080, 0.410570, 0.530250, 0.000000
7.176000,  0.126360, 0.018290, 1.018220,   5.513760, 16.727600, 6.384840,   -0.757500, 0.422690, 0.522680, 0.000000
7.192000,  0.069330, 0.030690, 1.133330,   5.211640, 22.377319, 14.789480,   -0.751440, 0.437840, 0.518130, 0.000000
7.208000,  -0.091000, 0.027620, 1.218130,   -5.725250, 15.070950, 19.201490,   -0.742350, 0.448440, 0.515100, 0.000000
7.224000,  -0.225370, 0.030820, 1.181660,   -8.998260, 12.749630, 12.541530,   -0.733260, 0.456020, 0.516620, 0.000000
7.240000,  -0.318980, 0.034850, 1.210270,   -11.774780, 2.437130, -0.303310,   -0.725690, 0.462080, 0.522680, 0.000000
7.260000,  -0.346930, 0.054240, 1.178860,   -17.875669, -1.691890, -15.822860,   -0.718110, 0.468140, 0.536310, 0.000000
7.276000,  -0.244660, 0.120750, 1.022220,   -19.658199, 7.039490, -30.310369,   -0.722660, 0.466620, 0.548430, 0.000000
7.292000,  -0.157570, 0.137290, 0.817990,   -15.660100, 15.967250, -38.550610,   -0.734780, 0.460560, 0.560550, 0.000000
7.308000,  -0.035780, 0.095560, 0.744300,   -2.416990, 18.892820, -36.896519,   -0.751440, 0.451470, 0.563580, 0.000000
7.324000,  -0.129620, 0.077630, 0.826070,   7.301330, 23.268591, -32.219452,   -0.768110, 0.440870, 0.566610, 0.000000
7.340000,  -0.233690, 0.036280, 1.024610,   9.018400, 22.125549, -31.417570,   -0.787800, 0.433290, 0.566610, 0.000000
7.356000,  -0.327090, 0.016670, 1.125280,   2.573090, 25.559690, -40.513371,   -0.807500, 0.419660, 0.563580, 0.000000
7.372000,  -0.242400, 0.011730, 1.119610,   -3.838990, 22.506229, -53.362900,   -0.840320, 0.399960, 0.551460, 0.000000
7.392000,  -0.094010, 0.012050, 1.060700,   -8.439330, 11.586460, -57.711842,   -0.869610, 0.375720, 0.521160, 0.000000
7.408000,  0.095670, -0.004960, 0.961000,   -5.382840, 14.678190, -54.148670,   -0.880220, 0.356030, 0.486320, 0.000000
7.424000,  0.160410, 0.012110, 0.885560,   2.739260, 17.417450, -44.905251,   -0.871130, 0.337850, 0.446930, 0.000000
7.440000,  0.243170, 0.004620, 0.899010,   16.521151, 21.183929, -31.867161,   -0.846890, 0.325730, 0.416630, 0.000000
7.456000,  0.162750, 0.016460, 0.993140,   21.601870, 30.509489, -17.594379,   -0.819620, 0.319670, 0.395420, 0.000000
7.472000,  0.023560, 0.024340, 1.169400,   18.822330, 34.084629, -10.746530,   -0.792350, 0.319670, 0.384810, 0.000000
7.488000,  -0.122260, 0.068050, 1.184290,   8.917690, 30.333250, -19.379311,   -0.771140, 0.319670, 0.390870, 0.000000
7.504000,  -0.061290, 0.068830, 1.134410,   1.369630, 20.302731, -34.297630,   -0.768110, 0.325730, 0.401480, 0.000000
7.524000,  0.039580, 0.060650, 1.081430,   -2.114870, 17.251280, -40.848881,   -0.780230, 0.330270, 0.404510, 0.000000
7.540000,  0.161060, 0.023170, 0.939500,   -5.911560, 20.393370, -32.333519,   -0.793860, 0.340880, 0.389360, 0.000000
7.556000,  0.196500, 0.024660, 0.839200,   -1.988980, 26.914221, -16.883089,   -0.793860, 0.349970, 0.360570, 0.000000
7.572000,  0.115130, 0.023710, 0.853390,   6.324460, 30.005951, -3.167260,   -0.774170, 0.354510, 0.334820, 0.000000
7.588000,  -0.060080, 0.038740, 0.971200,   9.229890, 32.357479, -0.110720,   -0.740840, 0.360570, 0.318150, 0.000000
7.604000,  -0.048750, 0.030960, 1.158640,   4.718170, 20.866699, -9.260200,   -0.707510, 0.362090, 0.316640, 0.000000
7.620000,  -0.125330, 0.045390, 1.104760,   -8.152310, 1.389770, -18.550591,   -0.675690, 0.354510, 0.333300, 0.000000
7.636000,  0.046200, -0.007310, 1.080020,   -10.727420, -2.815800, -22.211050,   -0.652460, 0.339360, 0.369660, 0.000000
7.656000,  0.119880, 0.002080, 0.987300,   -14.376070, 6.979060, -18.037260,   -0.652970, 0.324210, 0.413600, 0.000000
7.672000,  0.179880, 0.015540, 0.908160,   -5.211640, 19.713591, -15.826220,   -0.669630, 0.313610, 0.443900, 0.000000
7.688000,  0.229030, -0.007230, 0.976920,   -0.135960, 11.203770, -13.014600,   -0.693870, 0.309060, 0.463590, 0.000000
7.704000,  0.152700, 0.002960, 1.061250,   3.111880, 7.069700, -12.437520,   -0.718110, 0.306030, 0.474200, 0.000000
7.720000,  0.080070, 0.044770, 1.046710,   -0.473330, -0.956730, -18.010410,   -0.745380, 0.303000, 0.481770, 0.000000
7.736000,  0.143150, 0.064370, 1.008070,   2.175290, -14.824220, -23.881920,   -0.759020, 0.303000, 0.481770, 0.000000
7.752000,  0.156250, 0.047210, 1.030960,   3.056490, -25.982670, -24.888460,   -0.777200, 0.303000, 0.475710, 0.000000
7.768000,  0.198230, -0.001620, 1.017140,   -0.970830, -16.721560, -20.828739,   -0.790830, 0.304520, 0.466620, 0.000000
7.788000,  0.243050, -0.039520, 0.955390,   -2.336430, 0.820770, -9.149480,   -0.798410, 0.299970, 0.451470, 0.000000
7.804000,  0.235500, -0.074040, 0.935500,   0.040280, -0.709990, 2.845160,   -0.804470, 0.304520, 0.436320, 0.000000
7.820000,  0.185180, -0.066700, 1.019290,   1.213530, 1.278990, 9.807090,   -0.804470, 0.304520, 0.424200, 0.000000
7.836000,  0.192850, -0.054680, 0.988980,   0.498500, 7.568210, 11.219600,   -0.796890, 0.306030, 0.409050, 0.000000
7.852000,  0.300410, -0.053560, 0.948410,   0.916440, 1.948700, 17.228670,   -0.795380, 0.309060, 0.398450, 0.000000
7.868000,  0.180020, -0.018160, 0.870780,   4.063570, -18.147579, 21.805080,   -0.787800, 0.310580, 0.389360, 0.000000
7.884000,  0.104980, 0.003550, 1.005570,   12.009430, -16.541290, 20.204679,   -0.783260, 0.315120, 0.383300, 0.000000
7.900000,  -0.122390, 0.019940, 1.114120,   3.838990, -8.032470, 12.540190,   -0.775680, 0.319160, 0.377740, 0.000000
7.920000,  -0.147040, 0.015090, 1.111090,   0.100710, -5.891420, -11.830240,   -0.769620, 0.321180, 0.371180, 0.000000
7.936000,  0.042420, 0.048560, 1.075020,   -5.246890, -21.425631, -23.764490,   -0.757500, 0.319670, 0.366630, 0.000000
7.952000,  0.240440, 0.042250, 1.006740,   -8.796840, -19.774019, -20.251650,   -0.746900, 0.313610, 0.365120, 0.000000
7.968000,  0.353280, 0.049320, 0.842880,   -4.310300, -6.737370, -3.069960,   -0.737810, 0.312090, 0.362090, 0.000000
7.984000,  0.240120, 0.061450, 0.865190,   2.799680, -3.776550, 13.417220,   -0.736290, 0.315120, 0.359060, 0.000000
8.000000,  0.077820, 0.069450, 0.969980,   9.708250, 4.622500, 18.503620,   -0.736290, 0.319670, 0.349970, 0.000000
8.016000,  -0.042320, 0.043830, 1.185530,   9.899600, 13.036650, 12.927370,   -0.739320, 0.328760, 0.342390, 0.000000
8.032000,  -0.204540, 0.033480, 1.212650,   -7.379880, 15.303590, -6.589500,   -0.740840, 0.333300, 0.333300, 0.000000
8.052000,  -0.093380, 0.004430, 1.074890,   -15.705410, -2.809750, -23.878559,   -0.737810, 0.331790, 0.330270, 0.000000
8.068000,  0.088440, -0.011480, 0.959630,   -9.189610, -12.346800, -29.823879,   -0.731750, 0.328760, 0.328760, 0.000000
8.084000,  0.230350, -0.028800, 0.965770,   -4.748380, -19.743799, -21.113920,   -0.725690, 0.327240, 0.324210, 0.000000
8.100000,  0.319750, -0.027220, 1.020850,   1.314240, -14.547270, -2.637140,   -0.725690, 0.328760, 0.322700, 0.000000
8.116000,  0.217440, -0.038490, 1.145080,   -0.669710, 4.738310, 22.818340,   -0.730230, 0.331790, 0.318150, 0.000000
8.132000,  0.030860, -0.052070, 1.216580,   -7.769620, 7.940830, 25.744020,   -0.742350, 0.337850, 0.318150, 0.000000
8.148000,  -0.030500, -0.026150, 1.171170,   -14.708400, 8.212740, 21.560160,   -0.754470, 0.340880, 0.325730, 0.000000
8.164000,  -0.055150, -0.007680, 1.030820,   -15.819210, 1.994020, 18.192930,   -0.765580, 0.340370, 0.333300, 0.000000
8.184000,  -0.061740, 0.034370, 0.940040,   -8.258060, -6.183470, 17.181690,   -0.775680, 0.336330, 0.345420, 0.000000
8.200000,  -0.064450, 0.046120, 0.835720,   -0.936580, -6.656800, 10.716330,   -0.781740, 0.336330, 0.353000, 0.000000
8.216000,  -0.000380, 0.045640, 0.858040,   8.711240, -3.101810, 11.551760,   -0.786290, 0.337850, 0.356030, 0.000000
8.232000,  -0.082000, 0.079140, 0.961040,   12.427370, 6.792760, 9.444730,   -0.790830, 0.340880, 0.357540, 0.000000
8.248000,  -0.176680, 0.059260, 1.040860,   12.744600, 12.049710, -2.100320,   -0.799920, 0.345420, 0.356030, 0.000000
8.264000,  -0.164300, -0.002400, 1.079240,   9.667970, 2.970890, -14.786120,   -0.802950, 0.348450, 0.353000, 0.000000
8.280000,  -0.126690, -0.044900, 1.114730,   6.586300, -2.170260, -18.567369,   -0.805980, 0.349970, 0.348450, 0.000000
8.296000,  -0.056900, -0.058230, 1.088200,   0.634460, -5.760500, -15.581290,   -0.802950, 0.348450, 0.348450, 0.000000
8.312000,  -0.029280, -0.046920, 1.026730,   -2.129970, -14.330750, -13.631950,   -0.801440, 0.348450, 0.348450, 0.000000
8.328000,  -0.028340, -0.034370, 0.950180,   -3.701020, -14.607700, -8.924680,   -0.793860, 0.342390, 0.348450, 0.000000
8.344000,  0.025460, -0.015260, 0.997850,   0.045320, -3.751370, -4.408660,   -0.790830, 0.340880, 0.348450, 0.000000
8.360000,  0.078910, 0.004830, 1.001210,   -0.619350, -2.537840, 0.640830,   -0.787800, 0.340880, 0.348450, 0.000000
8.376000,  0.061240, 0.016670, 1.001590,   -0.704960, -7.527920, 6.656610,   -0.786290, 0.342390, 0.348450, 0.000000
8.392000,  0.083660, 0.014170, 1.039830,   1.007080, -7.517850, 8.116090,   -0.784770, 0.342390, 0.348450, 0.000000
8.408000,  0.043620, 0.013390, 1.018870,   1.837920, -4.949800, 7.998660,   -0.784770, 0.345420, 0.346940, 0.000000
8.424000,  0.041660, 0.005660, 1.043720,   1.827850, -4.828950, 6.300960,   -0.784770, 0.345420, 0.348450, 0.000000
8.440000,  0.015470, 0.014380, 0.999320,   1.571040, -3.091740, 5.069620,   -0.784770, 0.348450, 0.348450, 0.000000
8.456000,  0.024600, 0.022430, 0.988500,   1.707000, 3.207550, 6.841140,   -0.786290, 0.348450, 0.348450, 0.000000
8.472000,  -0.015090, 0.018200, 0.997180,   4.385830, 1.983950, 9.394400,   -0.787800, 0.349970, 0.348450, 0.000000
8.488000,  -0.020390, 0.014820, 1.081710,   3.877260, -0.694890, 8.126160,   -0.787800, 0.351480, 0.348450, 0.000000
8.504000,  -0.009500, 0.013260, 1.049540,   -0.120850, -3.595280, 5.351450,   -0.787800, 0.351480, 0.348450, 0.000000
8.520000,  -0.008050, 0.020410, 1.022360,   -1.727140, -7.301330, 1.828550,   -0.787800, 0.351480, 0.349970, 0.000000
8.536000,  0.001560, 0.017260, 1.009690,   -1.928560, -7.094880, -3.298110,   -0.786290, 0.351480, 0.351480, 0.000000
8.552000,  0.005440, 0.019070, 1.003970,   -2.321320, -5.110930, -6.552600,   -0.784770, 0.351480, 0.349970, 0.000000
8.568000,  0.014250, 0.005070, 0.991860,   -0.780490, -3.016200, -10.058720,   -0.784770, 0.349970, 0.348450, 0.000000
8.584000,  0.012650, -0.002750, 1.014800,   -0.246730, -1.591190, -11.169270,   -0.784770, 0.349970, 0.349970, 0.000000
8.600000,  0.045320, -0.007110, 1.042460,   -1.419980, -1.701970, -8.270430,   -0.784770, 0.345420, 0.348450, 0.000000
8.616000,  0.015430, -0.001050, 1.019150,   -3.283080, -0.845950, -4.935420,   -0.781740, 0.348450, 0.348450, 0.000000
8.632000,  0.042230, 0.004010, 1.002670,   -2.472380, -2.865140, -2.107030,   -0.778710, 0.345420, 0.348450, 0.000000
8.648000,  0.059910, 0.009080, 0.987740,   0.654600, -3.031310, -0.090590,   -0.778710, 0.345420, 0.348450, 0.000000
8.664000,  0.071510, 0.008810, 0.999370,   2.079620, -0.025180, 2.486160,   -0.778710, 0.348450, 0.348450, 0.000000
8.680000,  0.067540, 0.010090, 1.007650,   2.779540, 3.056490, 6.549240,   -0.781740, 0.348450, 0.348450, 0.000000
8.696000,  0.002270, 0.017490, 1.006680,   4.833980, 1.883240, 7.398090,   -0.784770, 0.351480, 0.348450, 0.000000
8.712000,  -0.020160, 0.018840, 1.045950,   5.971980, -1.289060, 3.063250,   -0.784770, 0.351480, 0.348450, 0.000000
8.728000,  -0.043600, 0.015980, 1.098400,   4.370730, -7.684020, -0.352290,   -0.784770, 0.357540, 0.342390, 0.000000
